2016.01.15,04:00,1.0873,1.0889,1.0868,1.0878,1141
2016.01.15,08:00,1.0877,1.0917,1.0859,1.0905,3459
2016.01.15,12:00,1.0904,1.0984,1.0889,1.0957,4626
2016.01.15,16:00,1.0958,1.0982,1.0929,1.0951,6150
2016.01.15,20:00,1.095,1.0961,1.0905,1.0912,2670
2016.01.18,00:00,1.0922,1.0927,1.0893,1.0898,1953
2016.01.18,04:00,1.0897,1.0908,1.0886,1.0895,1085
2016.01.18,08:00,1.0896,1.0908,1.0874,1.0899,3069
2016.01.18,12:00,1.0898,1.0904,1.0885,1.0893,2353
2016.01.18,16:00,1.0892,1.09,1.0868,1.0891,1820
2016.01.18,20:00,1.089,1.0898,1.0885,1.0891,789
2016.01.19,00:00,1.089,1.0896,1.088,1.0886,756
2016.01.19,04:00,1.0887,1.0904,1.0878,1.0883,1148
2016.01.19,08:00,1.0884,1.0888,1.0859,1.0871,2431
2016.01.19,12:00,1.0872,1.0882,1.0859,1.0865,2404
2016.01.19,16:00,1.0864,1.0931,1.0863,1.0925,3363
2016.01.19,20:00,1.0926,1.0938,1.0904,1.0906,1810
2016.01.20,00:00,1.0907,1.0933,1.0904,1.0923,1358
2016.01.20,04:00,1.0924,1.096,1.0919,1.0948,1385
2016.01.20,08:00,1.0949,1.0975,1.0916,1.092,4090
2016.01.20,12:00,1.0925,1.0937,1.0891,1.0917,3471
2016.01.20,16:00,1.0918,1.0935,1.0887,1.0922,4229
2016.01.20,20:00,1.0921,1.0925,1.0876,1.0888,3098
2016.01.21,00:00,1.0887,1.0894,1.0866,1.087,1846
2016.01.21,04:00,1.0869,1.0898,1.0869,1.0897,1399
2016.01.21,08:00,1.0896,1.092,1.0884,1.089,3533
2016.01.21,12:00,1.0891,1.0921,1.0778,1.079,5192
2016.01.21,16:00,1.0791,1.0847,1.0779,1.0843,6216
2016.01.21,20:00,1.0842,1.09,1.0833,1.0872,4220
2016.01.22,00:00,1.0873,1.0876,1.0839,1.0851,1484
2016.01.22,04:00,1.085,1.0851,1.0826,1.083,1270
2016.01.22,08:00,1.0829,1.0862,1.0812,1.0835,3220
2016.01.22,12:00,1.0834,1.0845,1.0793,1.0814,3049
2016.01.22,16:00,1.0815,1.0837,1.0803,1.0812,4206
2016.01.22,20:00,1.0813,1.0814,1.0788,1.0797,1490
2016.01.25,00:00,1.0792,1.0814,1.0789,1.0803,1305
2016.01.25,04:00,1.0804,1.0818,1.0798,1.0816,1027
2016.01.25,08:00,1.0817,1.0833,1.0805,1.0815,2783
2016.01.25,12:00,1.0816,1.0837,1.0808,1.0832,2484
2016.01.25,16:00,1.0831,1.0845,1.0823,1.083,3502
2016.01.25,20:00,1.0831,1.0856,1.0824,1.0848,1596
2016.01.26,00:00,1.0847,1.0859,1.0843,1.0849,1121
2016.01.26,04:00,1.085,1.0857,1.084,1.0845,747
2016.01.26,08:00,1.0844,1.0873,1.0833,1.0837,2724
2016.01.26,12:00,1.0836,1.0842,1.0818,1.0825,2333
2016.01.26,16:00,1.0826,1.0856,1.0822,1.0843,2899
2016.01.26,20:00,1.0842,1.087,1.0838,1.087,1645
2016.01.27,00:00,1.0869,1.087,1.085,1.0855,1151
2016.01.27,04:00,1.0856,1.0869,1.0854,1.0859,812
2016.01.27,08:00,1.0858,1.0882,1.0852,1.0872,2668
2016.01.27,12:00,1.0871,1.091,1.0865,1.0895,4886
2016.01.27,16:00,1.0896,1.0899,1.0861,1.087,3662
2016.01.27,20:00,1.0871,1.0916,1.0859,1.0892,5919
2016.01.28,00:00,1.0893,1.0906,1.0885,1.0887,1337
2016.01.28,04:00,1.0888,1.0896,1.0879,1.0884,967
2016.01.28,08:00,1.0883,1.0926,1.0869,1.0907,2830
2016.01.28,12:00,1.0908,1.0933,1.0891,1.0918,3534
2016.01.28,16:00,1.0917,1.0957,1.0903,1.0945,3760
2016.01.28,20:00,1.0946,1.0967,1.0937,1.094,1922
2016.01.29,00:00,1.0939,1.0941,1.0927,1.0936,1170
2016.01.29,04:00,1.0935,1.0947,1.0882,1.0912,4413
2016.01.29,08:00,1.0911,1.0917,1.0884,1.0903,3668
2016.01.29,12:00,1.0902,1.0925,1.0861,1.0863,3989
2016.01.29,16:00,1.0862,1.0865,1.0809,1.0841,4769
2016.01.29,20:00,1.084,1.0841,1.0824,1.083,1273
2016.02.01,00:00,1.0832,1.0845,1.0814,1.0834,1661
2016.02.01,04:00,1.0835,1.0851,1.0834,1.0846,858
2016.02.01,08:00,1.0847,1.0859,1.084,1.0856,2252
2016.02.01,12:00,1.0857,1.0886,1.0851,1.088,2463
2016.02.01,16:00,1.0879,1.0912,1.0874,1.089,2798
2016.02.01,20:00,1.0891,1.0905,1.0882,1.0887,1145
2016.02.02,00:00,1.0886,1.0906,1.0884,1.0897,1034
2016.02.02,04:00,1.0898,1.0918,1.0893,1.0903,1430
2016.02.02,08:00,1.0902,1.0919,1.0895,1.0913,2563
2016.02.02,12:00,1.0912,1.0936,1.0905,1.0936,2282
2016.02.02,16:00,1.0935,1.0939,1.0891,1.0908,3444
2016.02.02,20:00,1.0907,1.0923,1.0902,1.0918,1970
2016.02.03,00:00,1.0917,1.0935,1.0916,1.0926,1290
2016.02.03,04:00,1.0927,1.0928,1.091,1.0912,874
2016.02.03,08:00,1.0913,1.0929,1.0903,1.0916,2137
2016.02.03,12:00,1.0917,1.0975,1.091,1.0954,3331
2016.02.03,16:00,1.0959,1.1076,1.0959,1.1065,6183
2016.02.03,20:00,1.1066,1.1145,1.1065,1.1105,5225
2016.02.04,00:00,1.1104,1.1116,1.1076,1.1085,2331
2016.02.04,04:00,1.1086,1.1093,1.1074,1.1088,1277
2016.02.04,08:00,1.1087,1.1164,1.1069,1.1162,4621
2016.02.04,12:00,1.1163,1.1238,1.1151,1.1201,4854
2016.02.04,16:00,1.1202,1.1219,1.1156,1.1196,2782
2016.02.04,20:00,1.1198,1.1221,1.1195,1.1206,1282
2016.02.05,00:00,1.1207,1.1215,1.1193,1.1195,739
2016.02.05,04:00,1.1194,1.1201,1.1184,1.1187,708
2016.02.05,08:00,1.1188,1.1207,1.1183,1.1194,2974
2016.02.05,12:00,1.1193,1.1248,1.1141,1.1161,5299
2016.02.05,16:00,1.1157,1.1164,1.1108,1.1138,6387
2016.02.05,20:00,1.1137,1.1165,1.1126,1.1157,2310
2016.02.08,00:00,1.1142,1.1149,1.1133,1.1143,1034
2016.02.08,04:00,1.1144,1.1144,1.1127,1.1138,669
2016.02.08,08:00,1.1137,1.1182,1.1134,1.1178,2831
2016.02.08,12:00,1.1177,1.1183,1.1086,1.1104,4190
2016.02.08,16:00,1.1103,1.1193,1.1103,1.1164,5200
2016.02.08,20:00,1.1163,1.1215,1.1161,1.1192,3278
2016.02.09,00:00,1.1193,1.1212,1.1184,1.1207,1966
2016.02.09,04:00,1.1208,1.1237,1.1197,1.1206,2314
2016.02.09,08:00,1.1207,1.1213,1.1161,1.1185,4633
2016.02.09,12:00,1.1184,1.13,1.1182,1.1287,5920
2016.02.09,16:00,1.1285,1.1337,1.1256,1.1311,6364
2016.02.09,20:00,1.1312,1.1314,1.1281,1.1292,2929
2016.02.10,00:00,1.1291,1.1311,1.1283,1.13,1580
2016.02.10,04:00,1.1301,1.1309,1.1284,1.1297,2103
2016.02.10,08:00,1.1296,1.13,1.1251,1.1264,4085
2016.02.10,12:00,1.1263,1.1272,1.123,1.1233,5037
2016.02.10,16:00,1.1232,1.1247,1.116,1.1228,8197
2016.02.10,20:00,1.1227,1.1298,1.1225,1.1291,3480
2016.02.11,00:00,1.129,1.1319,1.1273,1.1299,2257
2016.02.11,04:00,1.13,1.1301,1.1279,1.1291,1315
2016.02.11,08:00,1.129,1.1354,1.1274,1.1324,5747
2016.02.11,12:00,1.1325,1.1367,1.1305,1.1329,7393
2016.02.11,16:00,1.133,1.1376,1.1311,1.1329,8252
2016.02.11,20:00,1.133,1.1355,1.1314,1.1323,5612
2016.02.12,00:00,1.1322,1.1332,1.1301,1.1302,2321
2016.02.12,04:00,1.1303,1.1312,1.1291,1.1301,1705
2016.02.12,08:00,1.13,1.1324,1.1264,1.1294,5047
2016.02.12,12:00,1.1293,1.1297,1.1228,1.1245,3777
2016.02.12,16:00,1.1244,1.1276,1.1213,1.1245,2459
2016.02.15,00:00,1.1237,1.125,1.1215,1.1222,2641
2016.02.15,04:00,1.1221,1.1234,1.1212,1.1224,1774
2016.02.15,08:00,1.1223,1.1229,1.1187,1.1206,3570
2016.02.15,12:00,1.1205,1.1208,1.1176,1.1178,2571
2016.02.15,16:00,1.1177,1.1194,1.1127,1.1155,3388
2016.02.15,20:00,1.1154,1.1158,1.1143,1.1153,3335
2016.02.16,00:00,1.1155,1.1183,1.1153,1.1175,1698
2016.02.16,04:00,1.1176,1.1177,1.1146,1.1153,1147
2016.02.16,08:00,1.1154,1.1192,1.1149,1.1174,3275
2016.02.16,12:00,1.1175,1.1189,1.1156,1.1172,3806
2016.02.16,16:00,1.1173,1.1183,1.1123,1.1136,4309
2016.02.16,20:00,1.1135,1.1146,1.1123,1.1143,1361
2016.02.17,00:00,1.1144,1.1146,1.1118,1.1132,1647
2016.02.17,04:00,1.1133,1.117,1.1131,1.1163,1643
2016.02.17,08:00,1.1162,1.1178,1.1128,1.1129,2900
2016.02.17,12:00,1.1128,1.1149,1.1114,1.1129,3375
2016.02.17,16:00,1.1128,1.1145,1.1105,1.1144,4394
2016.02.17,20:00,1.1145,1.1156,1.1118,1.1127,2827
2016.02.18,00:00,1.1126,1.1139,1.1118,1.1133,1913
2016.02.18,04:00,1.1134,1.1145,1.113,1.1141,1022
2016.02.18,08:00,1.1142,1.1149,1.1123,1.1136,2779
2016.02.18,12:00,1.1137,1.1138,1.1077,1.1082,3932
2016.02.18,16:00,1.1083,1.1117,1.1071,1.1114,5016
2016.02.18,20:00,1.1115,1.1122,1.1086,1.1106,2671
2016.02.19,00:00,1.1108,1.1128,1.1099,1.112,1715
2016.02.19,04:00,1.1121,1.1128,1.1117,1.1124,978
2016.02.19,08:00,1.1123,1.1138,1.1079,1.1084,2988
2016.02.19,12:00,1.1083,1.1117,1.1065,1.1101,4380
2016.02.19,16:00,1.1102,1.1133,1.1081,1.1128,3901
2016.02.19,20:00,1.1129,1.1136,1.1124,1.113,1324
2016.02.22,00:00,1.1113,1.1124,1.1103,1.1115,2670
2016.02.22,04:00,1.1114,1.112,1.1105,1.1112,799
2016.02.22,08:00,1.1113,1.1118,1.108,1.108,2987
2016.02.22,12:00,1.1079,1.108,1.1005,1.1005,3033
2016.02.22,16:00,1.1007,1.1033,1.1003,1.1027,1524
2016.02.22,20:00,1.1026,1.1033,1.1008,1.1028,762
2016.02.23,00:00,1.1027,1.1044,1.102,1.1043,580
2016.02.23,04:00,1.1044,1.1047,1.1033,1.1036,746
2016.02.23,08:00,1.1037,1.1052,1.099,1.1002,3425
2016.02.23,12:00,1.1001,1.1018,1.0989,1.101,3502
2016.02.23,16:00,1.1009,1.1037,1.0994,1.102,4031
2016.02.23,20:00,1.1019,1.1027,1.1004,1.102,1656
2016.02.24,00:00,1.1018,1.1025,1.0999,1.1001,1648
2016.02.24,04:00,1.1,1.1026,1.0999,1.1014,1177
2016.02.24,08:00,1.1015,1.1017,1.0976,1.0982,3581
2016.02.24,12:00,1.0981,1.1006,1.0956,1.0998,3932
2016.02.24,16:00,1.0999,1.1046,1.0973,1.1023,5126
2016.02.24,20:00,1.1024,1.1031,1.1004,1.1013,2522
2016.02.25,00:00,1.1014,1.1026,1.1006,1.1025,1929
2016.02.25,04:00,1.1026,1.1034,1.1017,1.1033,1170
2016.02.25,08:00,1.1034,1.1038,1.1004,1.1013,3350
2016.02.25,12:00,1.1014,1.1044,1.1004,1.101,3254
2016.02.25,16:00,1.1009,1.1042,1.0986,1.1039,4548
2016.02.25,20:00,1.104,1.1049,1.1016,1.1016,2011
2016.02.26,00:00,1.1015,1.106,1.1015,1.105,1859
2016.02.26,04:00,1.1051,1.1067,1.1046,1.106,1172
2016.02.26,08:00,1.1059,1.1064,1.1004,1.1015,2589
2016.02.26,12:00,1.1014,1.103,1.0971,1.0972,3385
2016.02.26,16:00,1.0973,1.098,1.0911,1.0925,5086
2016.02.26,20:00,1.0924,1.094,1.0916,1.0929,1906
2016.02.29,00:00,1.0912,1.0934,1.0911,1.093,2124
2016.02.29,04:00,1.0929,1.0943,1.0919,1.0943,1177
2016.02.29,08:00,1.0942,1.0962,1.091,1.0914,2767
2016.02.29,12:00,1.0913,1.0914,1.0877,1.0884,3358
2016.02.29,16:00,1.0885,1.0898,1.0858,1.0874,3878
2016.02.29,20:00,1.0873,1.0891,1.0868,1.0872,1909
2016.03.01,00:00,1.0876,1.0888,1.0873,1.0882,2015
2016.03.01,04:00,1.0883,1.0889,1.0874,1.0885,1312
2016.03.01,08:00,1.0884,1.0893,1.0856,1.0861,3301
2016.03.01,12:00,1.086,1.0884,1.0855,1.0879,2317
2016.03.01,16:00,1.0878,1.0878,1.0833,1.0857,4648
2016.03.01,20:00,1.0858,1.0875,1.0854,1.0866,1505
2016.03.02,00:00,1.0867,1.088,1.0861,1.0866,1745
2016.03.02,04:00,1.0865,1.0869,1.0853,1.0859,1371
2016.03.02,08:00,1.086,1.0875,1.0846,1.0869,3090
2016.03.02,12:00,1.087,1.087,1.0838,1.0842,3008
2016.03.02,16:00,1.0843,1.0853,1.0824,1.0852,3993
2016.03.02,20:00,1.0851,1.0872,1.0848,1.0867,1848
2016.03.03,00:00,1.0868,1.0873,1.0863,1.0871,1554
2016.03.03,04:00,1.0872,1.0874,1.0853,1.0856,1295
2016.03.03,08:00,1.0857,1.0876,1.0855,1.0866,2434
2016.03.03,12:00,1.0867,1.0909,1.0866,1.0906,2879
2016.03.03,16:00,1.0907,1.0965,1.0893,1.0944,4972
2016.03.03,20:00,1.0945,1.0968,1.0944,1.0955,1573
2016.03.04,00:00,1.0956,1.0958,1.0939,1.0943,1528
2016.03.04,04:00,1.0944,1.0955,1.0934,1.0952,1139
2016.03.04,08:00,1.0951,1.0973,1.0927,1.0962,2321
2016.03.04,12:00,1.0963,1.0989,1.0902,1.0979,4010
2016.03.04,16:00,1.0978,1.1043,1.0958,1.0997,5479
2016.03.04,20:00,1.0996,1.1011,1.0989,1.1006,918
2016.03.07,00:00,1.0991,1.0995,1.0983,1.0985,561
2016.03.07,04:00,1.0984,1.0992,1.0984,1.0992,370
2016.03.07,08:00,1.0991,1.0993,1.0943,1.0954,2233
2016.03.07,12:00,1.0953,1.0972,1.0939,1.0958,2314
2016.03.07,16:00,1.0957,1.1024,1.0945,1.102,3789
2016.03.07,20:00,1.1021,1.1025,1.1002,1.1013,1837
2016.03.08,00:00,1.1014,1.1023,1.101,1.1019,1216
2016.03.08,04:00,1.1018,1.1028,1.1013,1.1017,1070
2016.03.08,08:00,1.1016,1.1044,1.1011,1.1013,2323
2016.03.08,12:00,1.1014,1.1036,1.1001,1.1032,2566
2016.03.08,16:00,1.1031,1.1056,1.1012,1.1017,4014
2016.03.08,20:00,1.1018,1.1018,1.0993,1.101,1748
2016.03.09,00:00,1.1009,1.101,1.0974,1.0982,1297
2016.03.09,04:00,1.0981,1.0983,1.0966,1.0975,845
2016.03.09,08:00,1.0974,1.0989,1.0961,1.0969,2371
2016.03.09,12:00,1.0968,1.0979,1.0947,1.095,2637
2016.03.09,16:00,1.0951,1.1034,1.0945,1.1027,3672
2016.03.09,20:00,1.1028,1.103,1.0996,1.0999,1801
2016.03.10,00:00,1.0998,1.1003,1.0969,1.0977,1064
2016.03.10,04:00,1.098,1.0986,1.097,1.0981,836
2016.03.10,08:00,1.098,1.0981,1.0959,1.0966,1949
2016.03.10,12:00,1.0967,1.0989,1.0829,1.0949,7605
2016.03.10,16:00,1.096,1.1217,1.0942,1.1193,12670
2016.03.10,20:00,1.1192,1.1214,1.1174,1.1178,3506
2016.03.11,00:00,1.1179,1.1209,1.1169,1.1184,1938
2016.03.11,04:00,1.1183,1.1184,1.1162,1.1175,1111
2016.03.11,08:00,1.1176,1.1181,1.1103,1.111,4409
2016.03.11,12:00,1.1109,1.1126,1.1079,1.1123,3816
2016.03.11,16:00,1.1122,1.1192,1.1114,1.1155,4956
2016.03.11,20:00,1.1156,1.1164,1.1145,1.1147,1585
2016.03.14,00:00,1.1146,1.1176,1.1145,1.1152,2320
2016.03.14,04:00,1.1153,1.1166,1.1151,1.1157,731
2016.03.14,08:00,1.1158,1.1163,1.1111,1.1124,2659
2016.03.14,12:00,1.1125,1.1134,1.1098,1.111,2868
2016.03.14,16:00,1.1111,1.1121,1.1083,1.1085,2909
2016.03.14,20:00,1.1084,1.1106,1.1077,1.1101,1421
2016.03.15,00:00,1.11,1.1108,1.1093,1.1108,973
2016.03.15,04:00,1.1109,1.1114,1.1099,1.1105,1226
2016.03.15,08:00,1.1106,1.112,1.1071,1.1073,2533
2016.03.15,12:00,1.1074,1.1124,1.1073,1.11,3406
2016.03.15,16:00,1.1099,1.1116,1.108,1.111,2833
2016.03.15,20:00,1.1109,1.1115,1.1101,1.1105,1127
2016.03.16,00:00,1.1106,1.1111,1.1094,1.1103,1287
2016.03.16,04:00,1.1104,1.1109,1.1093,1.1096,567
2016.03.16,08:00,1.1095,1.1101,1.1073,1.1093,2110
2016.03.16,12:00,1.1094,1.1099,1.1057,1.1063,2810
2016.03.16,16:00,1.1064,1.1091,1.1057,1.109,3393
2016.03.16,20:00,1.1094,1.1241,1.1092,1.1211,7933
2016.03.17,00:00,1.1212,1.122,1.1204,1.1212,1633
2016.03.17,04:00,1.1213,1.1229,1.1212,1.1218,1460
2016.03.17,08:00,1.1219,1.1303,1.1219,1.1297,4230
2016.03.17,12:00,1.1299,1.1342,1.129,1.1327,5698
2016.03.17,16:00,1.1328,1.1336,1.129,1.1317,4189
2016.03.17,20:00,1.1316,1.1322,1.1309,1.1314,1363
2016.03.18,00:00,1.1315,1.1336,1.1306,1.1326,2138
2016.03.18,04:00,1.1327,1.133,1.1307,1.131,1517
2016.03.18,08:00,1.1311,1.1313,1.1255,1.1272,3540
2016.03.18,12:00,1.1271,1.13,1.1262,1.1291,2905
2016.03.18,16:00,1.1293,1.1306,1.1264,1.1274,3198
2016.03.18,20:00,1.1273,1.1282,1.1262,1.1269,1036
2016.03.21,00:00,1.1269,1.1284,1.1267,1.1281,1965
2016.03.21,04:00,1.128,1.1284,1.1265,1.1268,496
2016.03.21,08:00,1.1269,1.127,1.1235,1.1259,2242
2016.03.21,12:00,1.1258,1.1284,1.1256,1.1264,2484
2016.03.21,16:00,1.1263,1.1268,1.1234,1.1247,2985
2016.03.21,20:00,1.1248,1.1255,1.1237,1.1238,945
2016.03.22,00:00,1.1241,1.1245,1.1229,1.1237,1035
2016.03.22,04:00,1.1236,1.1259,1.1234,1.1253,868
2016.03.22,08:00,1.1252,1.1259,1.1187,1.1207,4192
2016.03.22,12:00,1.1206,1.1232,1.1195,1.1224,3557
2016.03.22,16:00,1.1225,1.1237,1.1203,1.122,3038
2016.03.22,20:00,1.1221,1.1224,1.1205,1.1214,1422
2016.03.23,00:00,1.1213,1.1223,1.1208,1.1213,1100
2016.03.23,04:00,1.1214,1.1215,1.1203,1.1204,569
2016.03.23,08:00,1.1205,1.1207,1.1179,1.1188,1966
2016.03.23,12:00,1.1189,1.1199,1.1162,1.1183,3059
2016.03.23,16:00,1.1182,1.1187,1.1159,1.1183,3545
2016.03.23,20:00,1.1182,1.1186,1.1172,1.1179,922
2016.03.24,00:00,1.118,1.1185,1.1163,1.1169,1057
2016.03.24,04:00,1.117,1.1177,1.1166,1.1173,628
2016.03.24,08:00,1.1172,1.1177,1.1148,1.1169,2614
2016.03.24,12:00,1.117,1.1187,1.1143,1.1159,3378
2016.03.24,16:00,1.116,1.1185,1.1149,1.1184,2389
2016.03.24,20:00,1.1183,1.1185,1.1172,1.1178,918
2016.03.25,00:00,1.1179,1.1179,1.1153,1.1157,1188
2016.03.25,04:00,1.1156,1.1166,1.1156,1.1166,663
2016.03.25,08:00,1.1165,1.1169,1.1155,1.1166,579
2016.03.25,12:00,1.1167,1.1175,1.116,1.1168,1401
2016.03.25,16:00,1.1169,1.1169,1.1159,1.1167,1875
2016.03.25,20:00,1.1166,1.117,1.1162,1.1166,877
2016.03.28,00:00,1.1163,1.1166,1.1152,1.1157,1037
2016.03.28,04:00,1.1158,1.1165,1.1153,1.1162,325
2016.03.28,08:00,1.1161,1.1172,1.1159,1.117,616
2016.03.28,12:00,1.1169,1.1182,1.1157,1.118,808
2016.03.28,16:00,1.1179,1.1219,1.1179,1.1192,2479
2016.03.28,20:00,1.1193,1.1207,1.1191,1.1195,1040
2016.03.29,00:00,1.1193,1.1201,1.1192,1.1195,793
2016.03.29,04:00,1.1196,1.12,1.1183,1.1189,977
2016.03.29,08:00,1.119,1.1198,1.1168,1.118,2095
2016.03.29,12:00,1.1181,1.1215,1.1175,1.1214,2906
2016.03.29,16:00,1.1213,1.127,1.1178,1.1264,5936
2016.03.29,20:00,1.1265,1.1302,1.1262,1.1289,2181
2016.03.30,00:00,1.1292,1.13,1.1283,1.1295,1065
2016.03.30,04:00,1.1296,1.1299,1.1286,1.1296,817
2016.03.30,08:00,1.1297,1.1332,1.1292,1.1319,3266
2016.03.30,12:00,1.1318,1.1338,1.1308,1.131,3061
2016.03.30,16:00,1.1311,1.1365,1.1301,1.1318,4509
2016.03.30,20:00,1.1319,1.1343,1.1315,1.1337,1672
2016.03.31,00:00,1.1336,1.1341,1.1322,1.1328,817
2016.03.31,04:00,1.1329,1.1329,1.131,1.1317,829
2016.03.31,08:00,1.1316,1.136,1.1309,1.1352,2368
2016.03.31,12:00,1.1353,1.1398,1.1349,1.1388,3876
2016.03.31,16:00,1.1387,1.1411,1.1376,1.138,5002
2016.03.31,20:00,1.1381,1.1393,1.1375,1.138,1790
2016.04.01,00:00,1.1381,1.1387,1.1374,1.1382,1196
2016.04.01,04:00,1.1383,1.1384,1.1366,1.1373,1014
2016.04.01,08:00,1.1372,1.1401,1.137,1.1399,2611
2016.04.01,12:00,1.14,1.1437,1.1385,1.14,4648
2016.04.01,16:00,1.1401,1.1411,1.1334,1.1391,5388
2016.04.01,20:00,1.1392,1.1402,1.1382,1.1392,2249
2016.04.04,00:00,1.14,1.1409,1.1387,1.1405,1049
2016.04.04,04:00,1.1406,1.1412,1.1382,1.1382,695
2016.04.04,08:00,1.1383,1.1395,1.1366,1.137,2589
2016.04.04,12:00,1.1369,1.1399,1.1357,1.1397,2165
2016.04.04,16:00,1.1396,1.1409,1.1372,1.1394,3481
2016.04.04,20:00,1.1393,1.1406,1.1387,1.1388,1238
2016.04.05,00:00,1.1389,1.14,1.1379,1.14,821
2016.04.05,04:00,1.1399,1.1404,1.1383,1.1389,937
2016.04.05,08:00,1.1388,1.1391,1.1344,1.1366,3470
2016.04.05,12:00,1.1367,1.1381,1.135,1.1373,2597
2016.04.05,16:00,1.1372,1.1399,1.1335,1.1395,4460
2016.04.05,20:00,1.1396,1.14,1.1378,1.1379,1642
2016.04.06,00:00,1.1381,1.1386,1.1376,1.1382,778
2016.04.06,04:00,1.1383,1.1384,1.1364,1.1371,831
2016.04.06,08:00,1.137,1.1373,1.1339,1.1348,2106
2016.04.06,12:00,1.1349,1.1372,1.1326,1.1365,3000
2016.04.06,16:00,1.1364,1.1431,1.1358,1.1414,4835
2016.04.06,20:00,1.1415,1.1424,1.139,1.1398,2371
2016.04.07,00:00,1.1399,1.1415,1.1391,1.1411,847
2016.04.07,04:00,1.1412,1.1413,1.1392,1.1405,1358
2016.04.07,08:00,1.1404,1.1453,1.1359,1.1386,4209
2016.04.07,12:00,1.1385,1.1406,1.1358,1.1378,3853
2016.04.07,16:00,1.1377,1.14,1.1338,1.1376,4335
2016.04.07,20:00,1.1375,1.1381,1.1361,1.1379,1563
2016.04.08,00:00,1.1378,1.138,1.136,1.1368,1374
2016.04.08,04:00,1.1369,1.1374,1.1359,1.1365,1245
2016.04.08,08:00,1.1364,1.1394,1.1349,1.1387,3085
2016.04.08,12:00,1.1386,1.1393,1.1352,1.1364,2482
2016.04.08,16:00,1.1363,1.1419,1.1362,1.1407,3371
2016.04.08,20:00,1.1408,1.1409,1.1393,1.1397,1208
2016.04.11,00:00,1.1411,1.1414,1.1395,1.1396,2013
2016.04.11,04:00,1.1397,1.1426,1.1396,1.141,899
2016.04.11,08:00,1.1411,1.1428,1.1372,1.1393,2383
2016.04.11,12:00,1.1392,1.1422,1.1378,1.1412,2311
2016.04.11,16:00,1.1411,1.1447,1.1394,1.1414,3411
2016.04.11,20:00,1.1415,1.1418,1.1396,1.1407,1087
2016.04.12,00:00,1.1406,1.1414,1.1401,1.141,812
2016.04.12,04:00,1.1411,1.1417,1.1401,1.1409,585
2016.04.12,08:00,1.1408,1.1465,1.1407,1.1433,2854
2016.04.12,12:00,1.1434,1.1435,1.138,1.1383,3048
2016.04.12,16:00,1.1382,1.1401,1.1346,1.1376,4272
2016.04.12,20:00,1.1377,1.1399,1.1373,1.1398,1534
2016.04.13,00:00,1.1383,1.1391,1.1375,1.1381,1402
2016.04.13,04:00,1.1382,1.1382,1.1366,1.1367,908
2016.04.13,08:00,1.1366,1.1367,1.1337,1.1338,3188
2016.04.13,12:00,1.1337,1.134,1.1295,1.1313,4249
2016.04.13,16:00,1.1312,1.1325,1.1273,1.1287,3491
2016.04.13,20:00,1.1286,1.1292,1.1268,1.1274,1186
2016.04.14,00:00,1.1273,1.1284,1.1263,1.1266,892
2016.04.14,04:00,1.1267,1.1273,1.1254,1.1262,981
2016.04.14,08:00,1.1263,1.1272,1.1234,1.1268,2464
2016.04.14,12:00,1.1267,1.1295,1.125,1.1276,3234
2016.04.14,16:00,1.1277,1.1284,1.1248,1.1262,2714
2016.04.14,20:00,1.1261,1.1276,1.1254,1.1265,1255
2016.04.15,00:00,1.127,1.127,1.125,1.1256,924
2016.04.15,04:00,1.1255,1.1264,1.1254,1.1263,563
2016.04.15,08:00,1.1262,1.1271,1.1246,1.1265,2053
2016.04.15,12:00,1.1264,1.1297,1.1257,1.1275,2316
2016.04.15,16:00,1.1274,1.1317,1.1272,1.1298,3272
2016.04.18,00:00,1.1301,1.1306,1.1289,1.1295,934
2016.04.18,04:00,1.1296,1.1297,1.1276,1.1285,542
2016.04.18,08:00,1.1286,1.1309,1.1274,1.1302,1650
2016.04.18,12:00,1.1301,1.132,1.1296,1.1307,2147
2016.04.18,16:00,1.1308,1.1332,1.1297,1.1325,2412
2016.04.18,20:00,1.1326,1.133,1.1307,1.1313,868
2016.04.19,00:00,1.1312,1.1316,1.1303,1.131,992
2016.04.19,04:00,1.1311,1.1326,1.1311,1.1324,569
2016.04.19,08:00,1.1325,1.1345,1.1315,1.1332,2016
2016.04.19,12:00,1.1333,1.1359,1.1325,1.1353,2378
2016.04.19,16:00,1.1354,1.1384,1.1354,1.1375,2779
2016.04.19,20:00,1.1376,1.1382,1.1353,1.1357,892
2016.04.20,00:00,1.1358,1.1362,1.1353,1.1357,888
2016.04.20,04:00,1.1358,1.1373,1.1356,1.136,601
2016.04.20,08:00,1.1361,1.1367,1.1348,1.1365,1737
2016.04.20,12:00,1.1364,1.1387,1.136,1.1365,2034
2016.04.20,16:00,1.1364,1.1367,1.1317,1.1326,3342
2016.04.20,20:00,1.1325,1.1327,1.129,1.1296,1758
2016.04.21,00:00,1.1295,1.1305,1.1293,1.1298,850
2016.04.21,04:00,1.1297,1.1304,1.1286,1.1292,664
2016.04.21,08:00,1.1293,1.1309,1.1282,1.1292,2430
2016.04.21,12:00,1.1291,1.1397,1.1284,1.1375,5398
2016.04.21,16:00,1.1376,1.1389,1.1269,1.1297,6791
2016.04.21,20:00,1.1296,1.1301,1.1281,1.1281,1049
2016.04.22,00:00,1.1287,1.1298,1.1281,1.1297,523
2016.04.22,04:00,1.1298,1.1308,1.1291,1.1293,816
2016.04.22,08:00,1.1294,1.1304,1.1264,1.1272,2815
2016.04.22,12:00,1.1273,1.1282,1.1248,1.1255,2785
2016.04.22,16:00,1.1256,1.1268,1.1221,1.1222,3788
2016.04.22,20:00,1.1221,1.1237,1.1217,1.1225,1171
2016.04.25,00:00,1.122,1.1237,1.1219,1.1226,1441
2016.04.25,04:00,1.1227,1.1246,1.1227,1.124,738
2016.04.25,08:00,1.1239,1.1262,1.123,1.1255,2129
2016.04.25,12:00,1.1254,1.1267,1.1242,1.1249,1991
2016.04.25,16:00,1.125,1.1277,1.1243,1.1265,2186
2016.04.25,20:00,1.1266,1.1277,1.1257,1.1265,930
2016.04.26,00:00,1.1267,1.1272,1.1262,1.1265,736
2016.04.26,04:00,1.1264,1.1275,1.1259,1.1262,658
2016.04.26,08:00,1.1261,1.1299,1.1255,1.1292,1925
2016.04.26,12:00,1.1293,1.1318,1.127,1.1307,2904
2016.04.26,16:00,1.1306,1.1339,1.1292,1.1294,3456
2016.04.26,20:00,1.1295,1.1302,1.1279,1.1297,1189
2016.04.27,00:00,1.1296,1.1305,1.1293,1.1302,610
2016.04.27,04:00,1.1303,1.1311,1.1294,1.1296,752
2016.04.27,08:00,1.1295,1.1332,1.1291,1.1321,2037
2016.04.27,12:00,1.132,1.1321,1.1292,1.1315,2509
2016.04.27,16:00,1.1314,1.1328,1.1301,1.1323,3343
2016.04.27,20:00,1.1322,1.1361,1.1271,1.1322,4565
2016.04.28,00:00,1.1323,1.1328,1.1308,1.1309,983
2016.04.28,04:00,1.1308,1.1343,1.1295,1.1335,2101
2016.04.28,08:00,1.1336,1.1367,1.1327,1.1358,4070
2016.04.28,12:00,1.1357,1.1364,1.1336,1.1345,3318
2016.04.28,16:00,1.1343,1.1349,1.1309,1.1336,3310
2016.04.28,20:00,1.1335,1.1361,1.1335,1.1358,1513
2016.04.29,00:00,1.1351,1.1365,1.1345,1.1362,830
2016.04.29,04:00,1.1363,1.1394,1.1362,1.1393,1137
2016.04.29,08:00,1.1392,1.1414,1.1369,1.1378,2929
2016.04.29,12:00,1.1377,1.1431,1.1376,1.1414,3474
2016.04.29,16:00,1.1415,1.1458,1.1411,1.1439,4805
2016.04.29,20:00,1.144,1.1455,1.1432,1.1451,2388
2016.05.02,00:00,1.146,1.1479,1.1452,1.1474,1700
2016.05.02,04:00,1.1473,1.1481,1.1463,1.1466,786
2016.05.02,08:00,1.1465,1.1483,1.1447,1.1478,1676
2016.05.02,12:00,1.1477,1.15,1.1472,1.1483,2405
2016.05.02,16:00,1.1482,1.1534,1.1468,1.1523,4116
2016.05.02,20:00,1.1524,1.1535,1.1513,1.1533,1557
2016.05.03,00:00,1.1532,1.1539,1.152,1.1533,805
2016.05.03,04:00,1.1534,1.1541,1.1521,1.1532,1060
2016.05.03,08:00,1.1533,1.1615,1.1526,1.1591,4105
2016.05.03,12:00,1.1592,1.16,1.1547,1.1552,3187
2016.05.03,16:00,1.1553,1.1563,1.15,1.1526,4485
2016.05.03,20:00,1.1525,1.1537,1.1494,1.1495,2031
2016.05.04,00:00,1.1496,1.1505,1.1492,1.1504,1432
2016.05.04,04:00,1.1505,1.1508,1.1475,1.1486,1119
2016.05.04,08:00,1.1487,1.151,1.1469,1.1488,3018
2016.05.04,12:00,1.1487,1.1529,1.1472,1.1492,4235
2016.05.04,16:00,1.1493,1.1517,1.1465,1.1496,5480
2016.05.04,20:00,1.1497,1.1502,1.1483,1.1487,1595
2016.05.05,00:00,1.1486,1.1492,1.1482,1.1484,993
2016.05.05,04:00,1.1485,1.1493,1.1481,1.1483,505
2016.05.05,08:00,1.1484,1.1493,1.1432,1.1437,2266
2016.05.05,12:00,1.1438,1.1444,1.1417,1.1433,3097
2016.05.05,16:00,1.1434,1.1436,1.1387,1.1411,4392
2016.05.05,20:00,1.1412,1.1412,1.1393,1.1404,1132
2016.05.06,00:00,1.1403,1.1405,1.1392,1.1396,874
2016.05.06,04:00,1.1395,1.1408,1.1394,1.1402,682
2016.05.06,08:00,1.1403,1.1427,1.1396,1.1422,2529
2016.05.06,12:00,1.1421,1.1478,1.1402,1.1424,4348
2016.05.06,16:00,1.143,1.1441,1.1402,1.1424,4061
2016.05.06,20:00,1.1425,1.1428,1.1386,1.1401,1593
2016.05.09,00:00,1.1397,1.14,1.1379,1.1383,926
2016.05.09,04:00,1.1384,1.1411,1.1382,1.1411,856
2016.05.09,08:00,1.141,1.1419,1.1384,1.1393,2185
2016.05.09,12:00,1.1392,1.1407,1.1374,1.1401,2941
2016.05.09,16:00,1.1402,1.1412,1.1382,1.139,3162
2016.05.09,20:00,1.1391,1.1392,1.1378,1.1383,863
2016.05.10,00:00,1.1382,1.1387,1.1378,1.1384,1105
2016.05.10,04:00,1.1385,1.1392,1.137,1.1373,884
2016.05.10,08:00,1.1372,1.1401,1.1369,1.1394,2601
2016.05.10,12:00,1.1393,1.1394,1.1358,1.1373,2937
2016.05.10,16:00,1.1374,1.1409,1.1371,1.1381,3275
2016.05.10,20:00,1.138,1.1382,1.1365,1.1371,986
2016.05.11,00:00,1.1372,1.1381,1.1368,1.1372,854
2016.05.11,04:00,1.1373,1.1391,1.1372,1.138,712
2016.05.11,08:00,1.1379,1.1397,1.1379,1.1389,1770
2016.05.11,12:00,1.1388,1.1419,1.1383,1.1406,1931
2016.05.11,16:00,1.1405,1.1446,1.1402,1.1431,3062
2016.05.11,20:00,1.1432,1.1438,1.142,1.1426,957
2016.05.12,00:00,1.1425,1.1428,1.1422,1.1427,675
2016.05.12,04:00,1.1428,1.1428,1.1421,1.1423,446
2016.05.12,08:00,1.1422,1.1424,1.1403,1.1407,1842
2016.05.12,12:00,1.1406,1.1414,1.1377,1.1404,2863
2016.05.12,16:00,1.1403,1.1414,1.1371,1.1385,3275
2016.05.12,20:00,1.1384,1.1389,1.137,1.1375,1428
2016.05.13,00:00,1.1374,1.1379,1.1371,1.1373,920
2016.05.13,04:00,1.1374,1.1376,1.1366,1.1373,850
2016.05.13,08:00,1.1372,1.1375,1.1328,1.135,2609
2016.05.13,12:00,1.1349,1.1356,1.1306,1.1316,3090
2016.05.13,16:00,1.1317,1.1331,1.1282,1.1293,4163
2016.05.13,20:00,1.1292,1.1319,1.1286,1.1305,1754
2016.05.16,00:00,1.1312,1.1319,1.1302,1.1303,1001
2016.05.16,04:00,1.1302,1.1314,1.1302,1.1309,920
2016.05.16,08:00,1.1308,1.133,1.1306,1.1321,1812
2016.05.16,12:00,1.132,1.1341,1.1306,1.1335,1862
2016.05.16,16:00,1.1336,1.134,1.1325,1.1327,1984
2016.05.16,20:00,1.1326,1.1329,1.1313,1.132,593
2016.05.17,00:00,1.1321,1.1321,1.1312,1.1317,599
2016.05.17,04:00,1.1318,1.1325,1.1312,1.1314,908
2016.05.17,08:00,1.1315,1.1339,1.131,1.1323,2059
2016.05.17,12:00,1.1324,1.133,1.1301,1.131,2396
2016.05.17,16:00,1.1311,1.1348,1.131,1.1331,3609
2016.05.17,20:00,1.133,1.1331,1.1311,1.1313,976
2016.05.18,00:00,1.1312,1.1315,1.1306,1.1307,709
2016.05.18,04:00,1.1306,1.1313,1.1283,1.1285,958
2016.05.18,08:00,1.1284,1.1287,1.1255,1.1262,2262
2016.05.18,12:00,1.1263,1.1288,1.1257,1.1273,2848
2016.05.18,16:00,1.1272,1.1289,1.126,1.128,3342
2016.05.18,20:00,1.1279,1.1292,1.1213,1.1215,2705
2016.05.19,00:00,1.1216,1.1226,1.1214,1.1225,951
2016.05.19,04:00,1.1226,1.1228,1.1211,1.1217,1044
2016.05.19,08:00,1.1218,1.1229,1.1205,1.1225,2887
2016.05.19,12:00,1.1224,1.1225,1.1179,1.118,2745
2016.05.19,16:00,1.1179,1.1227,1.1179,1.1207,3460
2016.05.19,20:00,1.1206,1.1208,1.1194,1.1202,1095
2016.05.20,00:00,1.1201,1.1206,1.1197,1.1198,735
2016.05.20,04:00,1.1197,1.1209,1.1195,1.12,548
2016.05.20,08:00,1.1201,1.1227,1.12,1.122,2022
2016.05.20,12:00,1.1219,1.1224,1.121,1.1222,2034
2016.05.20,16:00,1.1221,1.1236,1.1203,1.1212,3196
2016.05.20,20:00,1.1211,1.1227,1.121,1.1219,1142
2016.05.23,00:00,1.1214,1.1231,1.1212,1.1223,879
2016.05.23,04:00,1.1224,1.1242,1.1224,1.123,805
2016.05.23,08:00,1.1229,1.1238,1.12,1.1209,1879
2016.05.23,12:00,1.1208,1.1217,1.1199,1.1199,1781
2016.05.23,16:00,1.12,1.1209,1.1187,1.1209,2213
2016.05.23,20:00,1.1208,1.123,1.1206,1.1219,946
2016.05.24,00:00,1.1218,1.1221,1.1208,1.1211,805
2016.05.24,04:00,1.1212,1.1214,1.1202,1.1212,677
2016.05.24,08:00,1.1213,1.1226,1.1168,1.1178,2656
2016.05.24,12:00,1.1177,1.1188,1.1156,1.116,3299
2016.05.24,16:00,1.1159,1.1163,1.1139,1.1149,3369
2016.05.24,20:00,1.1148,1.1149,1.1132,1.114,1253
2016.05.25,00:00,1.1139,1.1142,1.1134,1.1138,545
2016.05.25,04:00,1.1139,1.1157,1.1136,1.1149,663
2016.05.25,08:00,1.115,1.1156,1.1137,1.1145,1786
2016.05.25,12:00,1.1144,1.1152,1.1135,1.1146,1894
2016.05.25,16:00,1.1145,1.1164,1.1128,1.1158,3155
2016.05.25,20:00,1.1159,1.1166,1.1149,1.1154,1121
2016.05.26,00:00,1.1155,1.1177,1.1149,1.117,1213
2016.05.26,04:00,1.1171,1.1186,1.1165,1.1179,971
2016.05.26,08:00,1.118,1.1189,1.1164,1.1177,1880
2016.05.26,12:00,1.1176,1.1201,1.1158,1.1197,2635
2016.05.26,16:00,1.1202,1.1216,1.1168,1.1175,3088
2016.05.26,20:00,1.1176,1.1194,1.1174,1.1193,996
2016.05.27,00:00,1.1192,1.1199,1.1187,1.1191,805
2016.05.27,04:00,1.1192,1.1194,1.1183,1.1188,805
2016.05.27,08:00,1.1187,1.12,1.1173,1.118,1527
2016.05.27,12:00,1.1179,1.1184,1.1152,1.1155,2133
2016.05.27,16:00,1.1156,1.1161,1.1124,1.1136,2576
2016.05.30,00:00,1.1113,1.1115,1.1097,1.1102,1179
2016.05.30,04:00,1.1103,1.1107,1.1097,1.1104,932
2016.05.30,08:00,1.1105,1.1137,1.11,1.1133,1231
2016.05.30,12:00,1.1134,1.1143,1.1128,1.1139,1040
2016.05.30,16:00,1.1138,1.1144,1.1127,1.1133,832
2016.05.30,20:00,1.1134,1.1141,1.1134,1.1138,825
2016.05.31,00:00,1.114,1.1151,1.1134,1.1147,708
2016.05.31,04:00,1.1148,1.1154,1.113,1.1132,1155
2016.05.31,08:00,1.1133,1.1136,1.1121,1.1134,2023
2016.05.31,12:00,1.1133,1.1164,1.1126,1.1153,2517
2016.05.31,16:00,1.1152,1.1172,1.1124,1.1138,3556
2016.05.31,20:00,1.1137,1.1143,1.1124,1.1131,1407
2016.06.01,00:00,1.1132,1.1136,1.1117,1.1125,748
2016.06.01,04:00,1.1126,1.1128,1.1113,1.1123,830
2016.06.01,08:00,1.1124,1.1161,1.1115,1.1154,2380
2016.06.01,12:00,1.1153,1.1185,1.1151,1.1177,2747
2016.06.01,16:00,1.1178,1.118,1.1148,1.1173,3754
2016.06.01,20:00,1.1172,1.1193,1.1172,1.1188,1261
2016.06.02,00:00,1.1187,1.1197,1.1183,1.1193,761
2016.06.02,04:00,1.1192,1.1213,1.1185,1.1204,1308
2016.06.02,08:00,1.1205,1.1219,1.119,1.121,1882
2016.06.02,12:00,1.1211,1.1215,1.1165,1.1188,3691
2016.06.02,16:00,1.1189,1.1192,1.1144,1.1155,3992
2016.06.02,20:00,1.1156,1.116,1.1147,1.115,911
2016.06.03,00:00,1.1154,1.1156,1.1141,1.1143,608
2016.06.03,04:00,1.1144,1.1158,1.1143,1.1156,641
2016.06.03,08:00,1.1157,1.1158,1.1146,1.1147,1535
2016.06.03,12:00,1.1148,1.1297,1.1136,1.1287,3663
2016.06.03,16:00,1.1286,1.1348,1.1285,1.1326,5829
2016.06.03,20:00,1.1325,1.1373,1.1325,1.1371,2335
2016.06.06,00:00,1.1357,1.1372,1.1342,1.1345,1665
2016.06.06,04:00,1.1346,1.135,1.1335,1.1341,1018
2016.06.06,08:00,1.134,1.1363,1.1336,1.1357,2141
2016.06.06,12:00,1.1356,1.1362,1.133,1.1348,2109
2016.06.06,16:00,1.1349,1.1383,1.1326,1.1377,3982
2016.06.06,20:00,1.1378,1.1392,1.1353,1.1354,1727
2016.06.07,00:00,1.1355,1.1366,1.1353,1.1356,717
2016.06.07,04:00,1.1357,1.1366,1.1349,1.1356,1077
2016.06.07,08:00,1.1357,1.1372,1.135,1.1364,1858
2016.06.07,12:00,1.1363,1.138,1.1338,1.1364,2183
2016.06.07,16:00,1.1363,1.1366,1.134,1.1348,3103
2016.06.07,20:00,1.1349,1.1365,1.1344,1.1357,977
2016.06.08,00:00,1.1358,1.1362,1.1354,1.1361,625
2016.06.08,04:00,1.1362,1.1374,1.136,1.1373,1034
2016.06.08,08:00,1.1374,1.1376,1.136,1.1369,1757
2016.06.08,12:00,1.137,1.1394,1.1363,1.1392,1835
2016.06.08,16:00,1.1391,1.141,1.1387,1.1398,2693
2016.06.08,20:00,1.1399,1.1406,1.1391,1.1391,1180
2016.06.09,00:00,1.1392,1.1407,1.139,1.1399,1158
2016.06.09,04:00,1.1398,1.1415,1.1395,1.1404,926
2016.06.09,08:00,1.1403,1.1405,1.135,1.1364,2566
2016.06.09,12:00,1.1363,1.1365,1.1324,1.1324,2559
2016.06.09,16:00,1.1326,1.1336,1.1305,1.1318,3192
2016.06.09,20:00,1.1317,1.1332,1.1312,1.1317,1279
2016.06.10,00:00,1.1315,1.1319,1.1291,1.1297,1300
2016.06.10,04:00,1.1298,1.1302,1.1289,1.1293,496
2016.06.10,08:00,1.1294,1.1321,1.1292,1.13,1741
2016.06.10,12:00,1.1299,1.1312,1.1281,1.1303,2578
2016.06.10,16:00,1.1302,1.1304,1.1271,1.1277,3407
2016.06.10,20:00,1.1278,1.1278,1.1244,1.1252,2661
2016.06.13,00:00,1.1249,1.1252,1.1233,1.1246,1493
2016.06.13,04:00,1.1245,1.1255,1.1231,1.125,1559
2016.06.13,08:00,1.1249,1.1274,1.1246,1.1271,2732
2016.06.13,12:00,1.127,1.1277,1.1249,1.125,2400
2016.06.13,16:00,1.1249,1.1302,1.1236,1.1283,4425
2016.06.13,20:00,1.1284,1.1298,1.1282,1.129,917
2016.06.14,00:00,1.1291,1.1294,1.1284,1.1294,881
2016.06.14,04:00,1.1295,1.1298,1.1285,1.1287,591
2016.06.14,08:00,1.1286,1.129,1.1228,1.1234,2575
2016.06.14,12:00,1.1235,1.1239,1.1208,1.1233,3182
2016.06.14,16:00,1.1234,1.1241,1.1188,1.1213,3510
2016.06.14,20:00,1.1212,1.1218,1.1199,1.1206,1264
2016.06.15,00:00,1.1205,1.1213,1.1198,1.12,1035
2016.06.15,04:00,1.1199,1.1209,1.1189,1.1208,638
2016.06.15,08:00,1.1207,1.1228,1.1197,1.1219,1826
2016.06.15,12:00,1.1218,1.1237,1.1216,1.1225,2099
2016.06.15,16:00,1.1226,1.1251,1.1208,1.1237,2466
2016.06.15,20:00,1.1236,1.1297,1.1236,1.1258,4878
2016.06.16,00:00,1.1259,1.1275,1.1256,1.1268,1155
2016.06.16,04:00,1.1269,1.1285,1.1257,1.1276,1651
2016.06.16,08:00,1.1275,1.1294,1.1258,1.126,3181
2016.06.16,12:00,1.1259,1.1264,1.1162,1.117,3698
2016.06.16,16:00,1.1171,1.1243,1.113,1.1213,4952
2016.06.16,20:00,1.1212,1.125,1.121,1.1224,3058
2016.06.17,00:00,1.1225,1.1271,1.1222,1.1267,1353
2016.06.17,04:00,1.1268,1.1271,1.1247,1.1247,1144
2016.06.17,08:00,1.1246,1.1263,1.1222,1.1256,3035
2016.06.17,12:00,1.1255,1.1267,1.1241,1.1244,2683
2016.06.17,16:00,1.1245,1.1295,1.1241,1.1266,3281
2016.06.17,20:00,1.1267,1.1287,1.1266,1.1276,1164
2016.06.20,00:00,1.1335,1.1357,1.1307,1.1351,2272
2016.06.20,04:00,1.1352,1.1382,1.1347,1.1378,1030
2016.06.20,08:00,1.1377,1.1378,1.1332,1.1346,2676
2016.06.20,12:00,1.1347,1.1349,1.1321,1.1342,2939
2016.06.20,16:00,1.1341,1.1356,1.1303,1.1314,3645
2016.06.20,20:00,1.1315,1.1321,1.1301,1.1315,1896
2016.06.21,00:00,1.1313,1.1332,1.1306,1.1331,1150
2016.06.21,04:00,1.133,1.1342,1.1324,1.1332,733
2016.06.21,08:00,1.1333,1.1349,1.1328,1.1334,2026
2016.06.21,12:00,1.1335,1.1346,1.1282,1.1284,3103
2016.06.21,16:00,1.1283,1.13,1.1242,1.1258,4408
2016.06.21,20:00,1.1257,1.1266,1.124,1.1241,1395
2016.06.22,00:00,1.124,1.1258,1.1235,1.1242,1086
2016.06.22,04:00,1.1241,1.1269,1.1241,1.1263,756
2016.06.22,08:00,1.1264,1.1277,1.1253,1.1272,2369
2016.06.22,12:00,1.1271,1.1313,1.1265,1.1313,2274
2016.06.22,16:00,1.1314,1.1337,1.1268,1.1302,4089
2016.06.22,20:00,1.1303,1.1312,1.1287,1.1295,2209
2016.06.23,00:00,1.1294,1.1347,1.1294,1.133,2362
2016.06.23,04:00,1.1329,1.1349,1.1325,1.1336,678
2016.06.23,08:00,1.1335,1.1354,1.1316,1.1353,2598
2016.06.23,12:00,1.1354,1.142,1.1344,1.1391,6112
2016.06.23,16:00,1.139,1.1392,1.1345,1.1352,5101
2016.06.23,20:00,1.1353,1.1398,1.1341,1.1385,3035
2016.06.24,00:00,1.1379,1.1428,1.1268,1.1276,13054
2016.06.24,04:00,1.1275,1.1296,1.091,1.0947,33944
2016.06.24,08:00,1.0948,1.1188,1.0935,1.1126,18193
2016.06.24,12:00,1.1125,1.114,1.104,1.1051,9971
2016.06.24,16:00,1.105,1.1176,1.1037,1.1165,9605
2016.06.24,20:00,1.1164,1.1179,1.1085,1.1107,5973
2016.06.27,00:00,1.1021,1.1074,1.1004,1.1011,6192
2016.06.27,04:00,1.1012,1.1032,1.0983,1.1013,3008
2016.06.27,08:00,1.1014,1.1083,1.1014,1.105,6636
2016.06.27,12:00,1.1049,1.105,1.097,1.0989,6953
2016.06.27,16:00,1.0993,1.1043,1.0971,1.1037,7317
2016.06.27,20:00,1.1036,1.1039,1.0995,1.1023,3360
2016.06.28,00:00,1.1025,1.1028,1.1009,1.1019,1346
2016.06.28,04:00,1.102,1.1063,1.1017,1.1061,2300
2016.06.28,08:00,1.1062,1.1078,1.1047,1.1053,4318
2016.06.28,12:00,1.1054,1.1111,1.1053,1.1071,3964
2016.06.28,16:00,1.107,1.1072,1.1035,1.1052,4748
2016.06.28,20:00,1.1053,1.109,1.1034,1.1064,2100
2016.06.29,00:00,1.1065,1.1081,1.1058,1.1062,1732
2016.06.29,04:00,1.1063,1.1068,1.1048,1.1066,1352
2016.06.29,08:00,1.1067,1.1102,1.1052,1.1061,3313
2016.06.29,12:00,1.106,1.1111,1.1051,1.1082,4632
2016.06.29,16:00,1.1079,1.1129,1.1075,1.1097,5017
2016.06.29,20:00,1.1098,1.1124,1.1091,1.1124,1810
2016.06.30,00:00,1.1123,1.1127,1.1108,1.1109,1068
2016.06.30,04:00,1.1108,1.1119,1.1098,1.1101,1022
2016.06.30,08:00,1.11,1.1132,1.1084,1.112,3310
2016.06.30,12:00,1.1119,1.1154,1.1076,1.1112,4845
2016.06.30,16:00,1.1111,1.1123,1.1023,1.1072,8164
2016.06.30,20:00,1.1071,1.1107,1.1034,1.1106,3325
2016.07.01,00:00,1.1104,1.1116,1.1094,1.1111,1301
2016.07.01,04:00,1.1112,1.1115,1.1086,1.1099,1016
2016.07.01,08:00,1.1098,1.1116,1.1071,1.1105,3247
2016.07.01,12:00,1.1104,1.1143,1.11,1.1131,3085
2016.07.01,16:00,1.1132,1.1169,1.1112,1.1135,4433
2016.07.01,20:00,1.1136,1.1148,1.1117,1.114,1812
2016.07.04,00:00,1.1137,1.1138,1.1124,1.1128,1030
2016.07.04,04:00,1.1127,1.1143,1.1127,1.1135,831
2016.07.04,08:00,1.1134,1.1143,1.1097,1.1108,1784
2016.07.04,12:00,1.1107,1.1147,1.1103,1.1143,1701
2016.07.04,16:00,1.1142,1.1148,1.1128,1.1147,1564
2016.07.04,20:00,1.1148,1.1159,1.1147,1.1153,1846
2016.07.05,00:00,1.1154,1.1156,1.1132,1.1133,864
2016.07.05,04:00,1.1134,1.1135,1.1122,1.1123,724
2016.07.05,08:00,1.1124,1.1185,1.1119,1.1135,3124
2016.07.05,12:00,1.1136,1.1164,1.1129,1.1153,2656
2016.07.05,16:00,1.1154,1.1166,1.1065,1.1089,4420
2016.07.05,20:00,1.109,1.1092,1.1061,1.1075,1402
2016.07.06,00:00,1.1074,1.1076,1.1047,1.1048,1304
2016.07.06,04:00,1.1049,1.1057,1.1035,1.1052,2358
2016.07.06,08:00,1.1051,1.1078,1.1044,1.1055,3312
2016.07.06,12:00,1.1054,1.1087,1.1043,1.1073,3458
2016.07.06,16:00,1.1074,1.1095,1.1028,1.1089,4911
2016.07.06,20:00,1.109,1.1111,1.1082,1.11,1927
2016.07.07,00:00,1.1099,1.1102,1.1085,1.1087,1019
2016.07.07,04:00,1.1088,1.1106,1.1073,1.1101,1214
2016.07.07,08:00,1.11,1.1101,1.1056,1.1081,2589
2016.07.07,12:00,1.108,1.11,1.1067,1.1086,3165
2016.07.07,16:00,1.1085,1.1099,1.1052,1.1063,3433
2016.07.07,20:00,1.1062,1.1066,1.1052,1.1063,1343
2016.07.08,00:00,1.1062,1.1073,1.1058,1.1067,1005
2016.07.08,04:00,1.1068,1.1084,1.1068,1.1083,886
2016.07.08,08:00,1.1082,1.1089,1.1069,1.1074,1894
2016.07.08,12:00,1.1073,1.1082,1.1001,1.1023,4389
2016.07.08,16:00,1.1024,1.112,1.1021,1.1054,6254
2016.07.08,20:00,1.1053,1.1058,1.1038,1.1054,1173
2016.07.11,00:00,1.1051,1.1052,1.1033,1.1037,2799
2016.07.11,04:00,1.1038,1.1055,1.1037,1.1046,851
2016.07.11,08:00,1.1045,1.1053,1.1015,1.1025,2715
2016.07.11,12:00,1.1026,1.1059,1.102,1.1053,2922
2016.07.11,16:00,1.1054,1.1074,1.1035,1.1052,3415
2016.07.11,20:00,1.1053,1.1063,1.105,1.1057,981
2016.07.12,00:00,1.1056,1.1066,1.1052,1.1059,731
2016.07.12,04:00,1.106,1.109,1.1051,1.1077,1262
2016.07.12,08:00,1.1076,1.1125,1.1074,1.111,3098
2016.07.12,12:00,1.1111,1.1115,1.1079,1.1101,3099
2016.07.12,16:00,1.1102,1.1102,1.106,1.1091,3728
2016.07.12,20:00,1.109,1.1091,1.1059,1.1059,1176
2016.07.13,00:00,1.1061,1.1068,1.1055,1.1063,1004
2016.07.13,04:00,1.1062,1.1071,1.1056,1.1067,1678
2016.07.13,08:00,1.1066,1.1072,1.1043,1.1059,2907
2016.07.13,12:00,1.1058,1.1089,1.1049,1.1088,3334
2016.07.13,16:00,1.1087,1.112,1.108,1.1107,3441
2016.07.13,20:00,1.1108,1.1112,1.1087,1.1088,1009
2016.07.14,00:00,1.1087,1.1103,1.1087,1.1095,1139
2016.07.14,04:00,1.1096,1.1115,1.1093,1.1111,1348
2016.07.14,08:00,1.111,1.1128,1.1088,1.1107,3359
2016.07.14,12:00,1.1106,1.1164,1.1096,1.1114,5291
2016.07.14,16:00,1.1115,1.1124,1.1097,1.1113,3215
2016.07.14,20:00,1.1112,1.1129,1.1111,1.1118,1027
2016.07.15,00:00,1.1119,1.1119,1.1101,1.1115,1767
2016.07.15,04:00,1.1114,1.1139,1.1104,1.1125,1599
2016.07.15,08:00,1.1126,1.1148,1.1115,1.1138,2571
2016.07.15,12:00,1.1137,1.1143,1.1105,1.1115,3158
2016.07.15,16:00,1.1114,1.1117,1.1052,1.1061,3665
2016.07.15,20:00,1.106,1.1072,1.1024,1.1036,2352
2016.07.18,00:00,1.1049,1.1062,1.1044,1.1056,1870
2016.07.18,04:00,1.1057,1.107,1.1053,1.1065,797
2016.07.18,08:00,1.1064,1.1072,1.1045,1.105,2493
2016.07.18,12:00,1.1051,1.1059,1.1036,1.105,2888
2016.07.18,16:00,1.1051,1.1083,1.1047,1.107,3488
2016.07.18,20:00,1.1071,1.1081,1.1067,1.1074,1086
2016.07.19,00:00,1.1075,1.1078,1.1063,1.1067,682
2016.07.19,04:00,1.1066,1.108,1.1062,1.1075,642
2016.07.19,08:00,1.1074,1.1077,1.1049,1.1062,2287
2016.07.19,12:00,1.1063,1.1073,1.1013,1.1023,2967
2016.07.19,16:00,1.1022,1.1029,1.0999,1.1013,4096
2016.07.19,20:00,1.1012,1.1022,1.1008,1.1021,890
2016.07.20,00:00,1.102,1.1021,1.101,1.1013,781
2016.07.20,04:00,1.1014,1.1015,1.0996,1.1015,876
2016.07.20,08:00,1.1014,1.102,1.098,1.1001,2705
2016.07.20,12:00,1.1,1.1021,1.099,1.0994,2998
2016.07.20,16:00,1.0995,1.1028,1.0991,1.1005,3056
2016.07.20,20:00,1.1006,1.102,1.0998,1.1013,1300
2016.07.21,00:00,1.1014,1.1021,1.1005,1.1009,1310
2016.07.21,04:00,1.101,1.1043,1.1008,1.1034,1025
2016.07.21,08:00,1.1033,1.1046,1.1017,1.1021,3079
2016.07.21,12:00,1.1009,1.1059,1.1004,1.1038,4926
2016.07.21,16:00,1.1046,1.1046,1.0979,1.1007,4441
2016.07.21,20:00,1.1006,1.1027,1.1001,1.1026,1055
2016.07.22,00:00,1.1025,1.1032,1.1019,1.1028,851
2016.07.22,04:00,1.1027,1.103,1.1018,1.103,656
2016.07.22,08:00,1.1029,1.104,1.1015,1.1028,2967
2016.07.22,12:00,1.1027,1.1036,1.1008,1.1013,2813
2016.07.22,16:00,1.1012,1.1023,1.0955,1.0966,3214
2016.07.22,20:00,1.0967,1.0978,1.0955,1.0971,1219
2016.07.25,00:00,1.0975,1.0975,1.0957,1.0959,1260
2016.07.25,04:00,1.096,1.0976,1.0951,1.0974,820
2016.07.25,08:00,1.0975,1.0986,1.096,1.0982,2044
2016.07.25,12:00,1.0981,1.0996,1.0971,1.0973,2163
2016.07.25,16:00,1.0972,1.0989,1.0967,1.0986,2005
2016.07.25,20:00,1.0987,1.0998,1.0983,1.0994,721
2016.07.26,00:00,1.0993,1.0996,1.0982,1.0984,778
2016.07.26,04:00,1.0983,1.1005,1.0982,1.1004,943
2016.07.26,08:00,1.1003,1.102,1.0996,1.1011,2321
2016.07.26,12:00,1.101,1.1029,1.0984,1.0993,2358
2016.07.26,16:00,1.0992,1.1006,1.0977,1.0987,2649
2016.07.26,20:00,1.0986,1.0992,1.0982,1.0985,672
2016.07.27,00:00,1.0986,1.0993,1.0981,1.0989,539
2016.07.27,04:00,1.099,1.1001,1.0984,1.0999,1212
2016.07.27,08:00,1.1,1.1003,1.0986,1.0993,1863
2016.07.27,12:00,1.0992,1.1005,1.0987,1.0998,2119
2016.07.27,16:00,1.0999,1.1007,1.0983,1.099,2190
2016.07.27,20:00,1.0991,1.1064,1.096,1.1057,5524
2016.07.28,00:00,1.1059,1.1074,1.1051,1.1067,1519
2016.07.28,04:00,1.1068,1.1076,1.1058,1.1069,1108
2016.07.28,08:00,1.107,1.1119,1.1063,1.1104,3181
2016.07.28,12:00,1.1105,1.1106,1.1078,1.1099,2281
2016.07.28,16:00,1.1098,1.1107,1.1072,1.1075,2370
2016.07.28,20:00,1.1076,1.1081,1.1068,1.1076,1203
2016.07.29,00:00,1.1077,1.1085,1.1073,1.108,1244
2016.07.29,04:00,1.1081,1.1096,1.1072,1.1081,2573
2016.07.29,08:00,1.108,1.1101,1.1073,1.1097,2619
2016.07.29,12:00,1.1098,1.1155,1.1092,1.1149,2773
2016.07.29,16:00,1.115,1.1196,1.115,1.1156,4522
2016.07.29,20:00,1.1157,1.1188,1.1156,1.1176,1824
2016.08.01,00:00,1.1173,1.1183,1.1165,1.1174,1173
2016.08.01,04:00,1.1175,1.1181,1.1165,1.1178,884
2016.08.01,08:00,1.1179,1.118,1.1159,1.1159,1695
2016.08.01,12:00,1.1158,1.1177,1.1154,1.1164,1937
2016.08.01,16:00,1.1163,1.1178,1.1159,1.117,2227
2016.08.01,20:00,1.1171,1.1172,1.1158,1.1163,994
2016.08.02,00:00,1.1164,1.1174,1.1158,1.1172,682
2016.08.02,04:00,1.1173,1.118,1.1161,1.1175,870
2016.08.02,08:00,1.1176,1.1208,1.1173,1.1201,2817
2016.08.02,12:00,1.1202,1.1205,1.1186,1.12,2309
2016.08.02,16:00,1.1201,1.1229,1.12,1.1222,2728
2016.08.02,20:00,1.1223,1.1233,1.1219,1.1223,1067
2016.08.03,00:00,1.1222,1.1226,1.1213,1.1214,853
2016.08.03,04:00,1.1215,1.1216,1.1207,1.1213,783
2016.08.03,08:00,1.1212,1.1214,1.1196,1.1199,1744
2016.08.03,12:00,1.1198,1.1204,1.1189,1.1192,1933
2016.08.03,16:00,1.1193,1.1195,1.1161,1.1173,2302
2016.08.03,20:00,1.1172,1.1175,1.114,1.1148,1059
2016.08.04,00:00,1.1147,1.1152,1.1142,1.1143,713
2016.08.04,04:00,1.1144,1.1155,1.1134,1.1145,866
2016.08.04,08:00,1.1146,1.1146,1.1127,1.1133,1876
2016.08.04,12:00,1.1134,1.1147,1.1113,1.1143,3125
2016.08.04,16:00,1.1142,1.1148,1.1129,1.1137,2339
2016.08.04,20:00,1.1136,1.1136,1.1125,1.1129,622
2016.08.05,00:00,1.1128,1.1134,1.1125,1.1131,643
2016.08.05,04:00,1.113,1.1136,1.1128,1.1136,575
2016.08.05,08:00,1.1135,1.115,1.1132,1.1149,1316
2016.08.05,12:00,1.115,1.116,1.1081,1.1084,3054
2016.08.05,16:00,1.1083,1.1089,1.1045,1.1087,3151
2016.08.05,20:00,1.1088,1.1104,1.1082,1.1084,855
2016.08.08,00:00,1.1084,1.1093,1.1079,1.1084,1163
2016.08.08,04:00,1.1085,1.1105,1.1083,1.1105,683
2016.08.08,08:00,1.1104,1.1105,1.108,1.1086,1697
2016.08.08,12:00,1.1087,1.1098,1.1079,1.1087,1351
2016.08.08,16:00,1.1086,1.1088,1.1072,1.1077,1420
2016.08.08,20:00,1.1078,1.1089,1.1076,1.1088,525
2016.08.09,00:00,1.1086,1.1091,1.1082,1.1086,489
2016.08.09,04:00,1.1087,1.1088,1.1071,1.1083,567
2016.08.09,08:00,1.1082,1.1096,1.107,1.1095,1557
2016.08.09,12:00,1.1094,1.1097,1.1075,1.108,1745
2016.08.09,16:00,1.1079,1.1123,1.1078,1.1102,2689
2016.08.09,20:00,1.1101,1.1118,1.11,1.1116,854
2016.08.10,00:00,1.1117,1.1144,1.1112,1.1137,759
2016.08.10,04:00,1.1138,1.1155,1.1137,1.1149,1014
2016.08.10,08:00,1.115,1.1154,1.1138,1.1146,1414
2016.08.10,12:00,1.1145,1.1189,1.1145,1.1188,2577
2016.08.10,16:00,1.1189,1.1189,1.1158,1.1166,2239
2016.08.10,20:00,1.1167,1.1183,1.1166,1.1177,566
2016.08.11,00:00,1.1178,1.1191,1.1176,1.1183,1321
2016.08.11,04:00,1.1182,1.1183,1.1166,1.1167,588
2016.08.11,08:00,1.1166,1.1169,1.1135,1.1142,1595
2016.08.11,12:00,1.1141,1.116,1.1137,1.1156,1756
2016.08.11,16:00,1.1157,1.1181,1.115,1.1156,2350
2016.08.11,20:00,1.1157,1.1157,1.1134,1.1136,896
2016.08.12,00:00,1.1135,1.1142,1.113,1.1134,561
2016.08.12,04:00,1.1135,1.1143,1.1133,1.1139,463
2016.08.12,08:00,1.1138,1.1158,1.1134,1.1154,1415
2016.08.12,12:00,1.1153,1.122,1.1144,1.1208,2306
2016.08.12,16:00,1.1194,1.1204,1.1166,1.1167,2962