2005.06.19,00:00,1.2218,1.224,1.1983,1.2092,0
2005.06.26,00:00,1.2102,1.2186,1.1938,1.1958,0
2005.07.03,00:00,1.1942,1.2044,1.1865,1.1966,0
2005.07.10,00:00,1.1969,1.2257,1.1956,1.2035,0
2005.07.17,00:00,1.203,1.2255,1.1952,1.2065,0
2005.07.24,00:00,1.2056,1.2161,1.1964,1.2123,0
2005.07.31,00:00,1.2121,1.2404,1.2118,1.2358,0
2005.08.07,00:00,1.235,1.2487,1.2314,1.2441,0
2005.08.14,00:00,1.246,1.2466,1.2123,1.2153,0
2005.08.21,00:00,1.2162,1.2342,1.2154,1.2288,0
2005.08.28,00:00,1.2296,1.259,1.2169,1.2531,0
2005.09.04,00:00,1.254,1.2586,1.2375,1.2409,0
2005.09.11,00:00,1.2405,1.2417,1.2191,1.2237,0
2005.09.18,00:00,1.2169,1.2272,1.2037,1.2039,0
2005.09.25,00:00,1.2028,1.2092,1.1976,1.2027,0
2005.10.02,00:00,1.2028,1.2204,1.1899,1.2128,0
2005.10.09,00:00,1.2111,1.2154,1.1912,1.2074,0
2005.10.16,00:00,1.2077,1.2122,1.1874,1.195,0
2005.10.23,00:00,1.1938,1.2171,1.1921,1.2065,0
2005.10.30,00:00,1.206,1.2088,1.1801,1.1823,0
2005.11.06,00:00,1.1811,1.1831,1.1669,1.1729,0
2005.11.13,00:00,1.1717,1.1794,1.1639,1.1766,0
2005.11.20,00:00,1.1775,1.1865,1.1683,1.1712,0
2005.11.27,00:00,1.1715,1.19,1.1659,1.1716,0
2005.12.04,00:00,1.1705,1.1847,1.1687,1.1812,0
2005.12.11,00:00,1.178,1.2059,1.1775,1.2011,0
2005.12.18,00:00,1.2028,1.2037,1.18,1.1872,0
2005.12.25,00:00,1.1853,1.193,1.1776,1.1837,0
2006.01.01,00:00,1.1842,1.2179,1.18,1.2151,0
2006.01.08,00:00,1.2144,1.2162,1.2005,1.2131,0
2006.01.15,00:00,1.2147,1.2173,1.2039,1.2135,0
2006.01.22,00:00,1.2144,1.2321,1.2084,1.2099,0
2006.01.29,00:00,1.2102,1.2188,1.1967,1.2018,0
2006.02.05,00:00,1.2031,1.2045,1.1891,1.1894,0
2006.02.12,00:00,1.1902,1.1953,1.1847,1.1932,0
2006.02.19,00:00,1.1934,1.1973,1.1861,1.1866,0
2006.02.26,00:00,1.1877,1.2051,1.1825,1.2035,0
2006.03.05,00:00,1.2051,1.2092,1.1859,1.1913,0
2006.03.12,00:00,1.1917,1.2206,1.1908,1.2192,0
2006.03.19,00:00,1.2186,1.2195,1.195,1.2035,0
2006.03.26,00:00,1.2039,1.2174,1.1979,1.212,0
2006.04.02,00:00,1.2115,1.2331,1.2032,1.21,0
2006.04.09,00:00,1.2099,1.2167,1.2065,1.211,0
2006.04.16,00:00,1.2114,1.2393,1.2113,1.2346,0
2006.04.23,00:00,1.2368,1.2634,1.2331,1.2614,0
2006.04.30,00:00,1.2639,1.2762,1.2553,1.2727,0
2006.05.07,00:00,1.2732,1.2955,1.266,1.2927,0
2006.05.14,00:00,1.2934,1.2971,1.2691,1.2771,0
2006.05.21,00:00,1.2765,1.2889,1.2693,1.2723,0
2006.05.28,00:00,1.2737,1.2937,1.2717,1.292,0
2006.06.04,00:00,1.2934,1.2978,1.2594,1.2638,0
2006.06.11,00:00,1.2626,1.2669,1.2529,1.2637,0
2006.06.18,00:00,1.2646,1.2677,1.2477,1.2508,0
2006.06.25,00:00,1.251,1.2788,1.2501,1.2788,0
2006.07.02,00:00,1.2786,1.286,1.2706,1.2812,0
2006.07.09,00:00,1.2815,1.2816,1.2624,1.2645,0
2006.07.16,00:00,1.265,1.2696,1.2457,1.2695,0
2006.07.23,00:00,1.2709,1.277,1.2558,1.2747,0
2006.07.30,00:00,1.2756,1.2908,1.2719,1.2875,0
2006.08.06,00:00,1.2878,1.2911,1.2715,1.273,0
2006.08.13,00:00,1.2729,1.2885,1.2694,1.2828,0
2006.08.20,00:00,1.2827,1.2937,1.2723,1.2754,0
2006.08.27,00:00,1.276,1.2878,1.2749,1.2836,0
2006.09.03,00:00,1.2837,1.2872,1.265,1.2675,0
2006.09.10,00:00,1.2676,1.2751,1.2629,1.2659,0
2006.09.17,00:00,1.2638,1.2829,1.263,1.2786,0
2006.09.24,00:00,1.2783,1.2817,1.2637,1.268,0
2006.10.01,00:00,1.2681,1.2764,1.2573,1.2592,0
2006.10.08,00:00,1.2593,1.2612,1.2481,1.2507,0
2006.10.15,00:00,1.2502,1.2642,1.2488,1.2618,0
2006.10.22,00:00,1.2615,1.2749,1.2525,1.2732,0
2006.10.29,00:00,1.2733,1.2796,1.2679,1.2716,0
2006.11.05,00:00,1.2712,1.2902,1.269,1.2845,0
2006.11.12,00:00,1.284,1.2878,1.2761,1.2825,0
2006.11.19,00:00,1.2822,1.3108,1.2798,1.3094,0
2006.11.26,00:00,1.3162,1.3348,1.3086,1.3336,0
2006.12.03,00:00,1.334,1.3363,1.319,1.3202,0
2006.12.10,00:00,1.317,1.3292,1.306,1.3083,0
2006.12.17,00:00,1.3078,1.3245,1.3053,1.3128,0
2006.12.24,00:00,1.3138,1.3203,1.309,1.3198,0
2006.12.31,00:00,1.3231,1.3295,1.298,1.3001,0
2007.01.07,00:00,1.3005,1.3053,1.2866,1.2917,0
2007.01.14,00:00,1.2928,1.3,1.2896,1.2962,0
2007.01.21,00:00,1.2963,1.3044,1.2871,1.2913,0
2007.01.28,00:00,1.292,1.3064,1.2897,1.2965,0
2007.02.04,00:00,1.296,1.3044,1.2912,1.3003,0
2007.02.11,00:00,1.2993,1.3173,1.2941,1.3138,0
2007.02.18,00:00,1.3155,1.3189,1.3081,1.3164,0
2007.02.25,00:00,1.3167,1.3259,1.3142,1.3192,0
2007.03.04,00:00,1.3194,1.3212,1.3072,1.3115,0
2007.03.11,00:00,1.314,1.3339,1.3108,1.3317,0
2007.03.18,00:00,1.3316,1.3411,1.3272,1.3283,0
2007.03.25,00:00,1.3284,1.34,1.3254,1.3358,0
2007.04.01,00:00,1.3375,1.3442,1.3318,1.3374,0
2007.04.08,00:00,1.3379,1.3554,1.334,1.353,0
2007.04.15,00:00,1.3552,1.3636,1.3525,1.3592,0
2007.04.22,00:00,1.3593,1.368,1.3539,1.3648,0
2007.04.29,00:00,1.3649,1.3678,1.3534,1.3595,0
2007.05.06,00:00,1.3599,1.3626,1.346,1.3527,0
2007.05.13,00:00,1.3531,1.3608,1.3464,1.351,0
2007.05.20,00:00,1.352,1.3529,1.3411,1.3444,0
2007.05.27,00:00,1.3443,1.3519,1.3391,1.3445,0
2007.06.03,00:00,1.3443,1.3553,1.3319,1.3367,0
2007.06.10,00:00,1.3373,1.3385,1.3262,1.3378,0
2007.06.17,00:00,1.3383,1.3467,1.3371,1.3465,0
2007.06.24,00:00,1.3467,1.3538,1.3413,1.3534,0
2007.07.01,00:00,1.3529,1.3657,1.3527,1.3622,0
2007.07.08,00:00,1.3631,1.3812,1.3592,1.3785,0
2007.07.15,00:00,1.3788,1.3842,1.3749,1.3823,0
2007.07.22,00:00,1.3831,1.3851,1.3629,1.3637,0
2007.07.29,00:00,1.3618,1.3818,1.3607,1.3786,0
2007.08.05,00:00,1.3802,1.3839,1.364,1.3694,0
2007.08.12,00:00,1.37,1.3707,1.336,1.3489,0
2007.08.19,00:00,1.3482,1.3681,1.3449,1.3665,0
2007.08.26,00:00,1.3673,1.3719,1.3562,1.3621,0
2007.09.02,00:00,1.3631,1.3798,1.355,1.3766,0
2007.09.09,00:00,1.3778,1.3927,1.3765,1.3877,0
2007.09.16,00:00,1.3874,1.4119,1.3827,1.4089,0
2007.09.23,00:00,1.4091,1.4279,1.406,1.4257,0
2007.09.30,00:00,1.4276,1.4282,1.4031,1.4132,0
2007.10.07,00:00,1.4138,1.424,1.4014,1.4175,0
2007.10.14,00:00,1.4168,1.4317,1.4143,1.4294,0
2007.10.21,00:00,1.4326,1.4391,1.4125,1.4389,0
2007.10.28,00:00,1.4418,1.4527,1.4373,1.4504,0
2007.11.04,00:00,1.4515,1.475,1.4443,1.4666,0
2007.11.11,00:00,1.4674,1.4724,1.452,1.4647,0
2007.11.18,00:00,1.467,1.4966,1.462,1.4836,0
2007.11.25,00:00,1.4827,1.4906,1.4628,1.4629,0
2007.12.02,00:00,1.4636,1.4769,1.4527,1.4653,0
2007.12.09,00:00,1.4655,1.4749,1.4411,1.4422,0
2007.12.16,00:00,1.4389,1.4452,1.4309,1.4356,0
2007.12.23,00:00,1.4378,1.4728,1.4366,1.4714,0
2007.12.30,00:00,1.4725,1.4823,1.4641,1.4747,0
2008.01.06,00:00,1.4748,1.4818,1.4638,1.4807,0
2008.01.13,00:00,1.4806,1.4921,1.4588,1.4596,0
2008.01.20,00:00,1.4595,1.4779,1.4363,1.4691,0
2008.01.27,00:00,1.469,1.4939,1.4661,1.4798,0
2008.02.03,00:00,1.4799,1.4848,1.444,1.4524,0
2008.02.10,00:00,1.4523,1.4709,1.448,1.4671,0
2008.02.17,00:00,1.467,1.4861,1.4609,1.4833,0
2008.02.24,00:00,1.4834,1.5238,1.4779,1.5207,0
2008.03.02,00:00,1.5208,1.5455,1.5145,1.5398,0
2008.03.09,00:00,1.5399,1.5739,1.5282,1.5702,0
2008.03.16,00:00,1.5704,1.5903,1.5396,1.5412,0
2008.03.23,00:00,1.5413,1.5857,1.5341,1.5805,0
2008.03.30,00:00,1.5804,1.5896,1.5511,1.5728,0
2008.04.06,00:00,1.5727,1.5911,1.5626,1.5704,0
2008.04.13,00:00,1.5703,1.5982,1.5671,1.5813,0
2008.04.20,00:00,1.5812,1.6018,1.5554,1.5612,0
2008.04.27,00:00,1.5614,1.5692,1.5361,1.5429,0
2008.05.04,00:00,1.543,1.5594,1.5284,1.5457,0
2008.05.11,00:00,1.5456,1.56,1.5366,1.5594,0
2008.05.18,00:00,1.5595,1.5812,1.5486,1.5768,0
2008.05.25,00:00,1.5767,1.5817,1.5459,1.556,0
2008.06.01,00:00,1.5561,1.5801,1.5365,1.5791,0
2008.06.08,00:00,1.5792,1.5842,1.5303,1.5404,0
2008.06.15,00:00,1.5405,1.565,1.5345,1.5627,0
2008.06.22,00:00,1.5626,1.5789,1.5468,1.5777,0
2008.06.29,00:00,1.5778,1.5909,1.5654,1.5697,0
2008.07.06,00:00,1.5695,1.597,1.5611,1.5965,0
2008.07.13,00:00,1.5962,1.6037,1.5783,1.584,0
2008.07.20,00:00,1.5842,1.5944,1.5627,1.5695,0
2008.07.27,00:00,1.5696,1.5767,1.5514,1.5573,0
2008.08.03,00:00,1.5572,1.563,1.4906,1.4941,0
2008.08.10,00:00,1.4942,1.5082,1.4645,1.4683,0
2008.08.17,00:00,1.4681,1.4907,1.4631,1.4789,0
2008.08.24,00:00,1.479,1.481,1.4572,1.47,0
2008.08.31,00:00,1.4702,1.4718,1.4196,1.4375,0
2008.09.07,00:00,1.4376,1.4428,1.3881,1.4299,0
2008.09.14,00:00,1.4295,1.454,1.4072,1.449,0
2008.09.21,00:00,1.4488,1.4864,1.4435,1.4517,0
2008.09.28,00:00,1.4518,1.4571,1.3628,1.363,0
2008.10.05,00:00,1.3632,1.3784,1.3258,1.3571,0
2008.10.12,00:00,1.3572,1.377,1.3345,1.3405,0
2008.10.19,00:00,1.3406,1.353,1.2496,1.258,0
2008.10.26,00:00,1.2578,1.3296,1.2327,1.2767,0
2008.11.02,00:00,1.2765,1.3115,1.2526,1.2811,0
2008.11.09,00:00,1.2814,1.2926,1.2388,1.2537,0
2008.11.16,00:00,1.2536,1.2813,1.2422,1.2608,0
2008.11.23,00:00,1.2607,1.3079,1.2567,1.2692,0
2008.11.30,00:00,1.2705,1.2848,1.255,1.2723,0
2008.12.07,00:00,1.2722,1.3414,1.2717,1.3393,0
2008.12.14,00:00,1.3392,1.472,1.3392,1.3922,0
2008.12.21,00:00,1.3923,1.4125,1.3902,1.4076,0
2008.12.28,00:00,1.4075,1.4362,1.3877,1.3885,0
2009.01.04,00:00,1.3884,1.3962,1.3312,1.3461,0
2009.01.11,00:00,1.346,1.346,1.3026,1.335,0
2009.01.18,00:00,1.3351,1.3385,1.2763,1.2916,0
2009.01.25,00:00,1.2917,1.3328,1.2746,1.2751,0
2009.02.01,00:00,1.275,1.3069,1.2705,1.297,0
2009.02.08,00:00,1.2969,1.3091,1.2722,1.2787,0
2009.02.15,00:00,1.2791,1.2883,1.2513,1.2818,0
2009.02.22,00:00,1.282,1.2991,1.2604,1.2621,0
2009.03.01,00:00,1.2619,1.2753,1.2455,1.2673,0
2009.03.08,00:00,1.2672,1.2955,1.2555,1.2847,0
2009.03.15,00:00,1.2848,1.3737,1.2847,1.3656,0
2009.03.22,00:00,1.3655,1.3735,1.3208,1.3223,0
2009.03.29,00:00,1.3229,1.3517,1.3112,1.3515,0
2009.04.05,00:00,1.3514,1.3581,1.3088,1.3188,0
2009.04.12,00:00,1.3187,1.3391,1.3016,1.3042,0
2009.04.19,00:00,1.3043,1.3301,1.2885,1.3245,0
2009.04.26,00:00,1.3246,1.3384,1.2963,1.3279,0
2009.05.03,00:00,1.3278,1.3654,1.321,1.3653,0
2009.05.10,00:00,1.3652,1.372,1.346,1.3482,0
2009.05.17,00:00,1.348,1.4048,1.3423,1.4027,0
2009.05.24,00:00,1.4025,1.4167,1.3792,1.4131,0
2009.05.31,00:00,1.4132,1.4336,1.3931,1.3942,0
2009.06.07,00:00,1.3943,1.4176,1.3805,1.3987,0
2009.06.14,00:00,1.3985,1.401,1.3747,1.3948,0
2009.06.21,00:00,1.3947,1.4137,1.3826,1.4061,0
2009.06.28,00:00,1.406,1.4199,1.3928,1.3955,0
2009.07.05,00:00,1.3956,1.4071,1.3831,1.3944,0
2009.07.12,00:00,1.3943,1.4166,1.3896,1.4117,0
2009.07.19,00:00,1.4118,1.429,1.4109,1.423,0
2009.07.26,00:00,1.4229,1.4303,1.4006,1.4272,0
2009.08.02,00:00,1.427,1.4446,1.4154,1.4174,0
2009.08.09,00:00,1.4175,1.4326,1.4086,1.4189,0
2009.08.16,00:00,1.419,1.4376,1.4045,1.4344,0
2009.08.23,00:00,1.4343,1.4405,1.4206,1.4307,0
2009.08.30,00:00,1.4306,1.4377,1.4177,1.4305,0
2009.09.06,00:00,1.4306,1.4634,1.4302,1.4599,0
2009.09.13,00:00,1.4598,1.4766,1.4515,1.4693,0
2009.09.20,00:00,1.4694,1.4844,1.461,1.4704,0
2009.09.27,00:00,1.4703,1.472,1.448,1.4589,0
2009.10.04,00:00,1.459,1.4817,1.458,1.4718,0
2009.10.11,00:00,1.4719,1.4967,1.4676,1.4893,0
2009.10.18,00:00,1.4892,1.506,1.4826,1.5009,0
2009.10.25,00:00,1.5008,1.5062,1.4681,1.4728,0
2009.11.01,00:00,1.473,1.4917,1.4624,1.4872,0
2009.11.08,00:00,1.4871,1.5048,1.4821,1.492,0
2009.11.15,00:00,1.4919,1.5015,1.48,1.485,0
2009.11.22,00:00,1.4849,1.5144,1.4827,1.5012,0
2009.11.29,00:00,1.501,1.5141,1.4821,1.4869,0
2009.12.06,00:00,1.4868,1.4903,1.4585,1.4613,0
2009.12.13,00:00,1.4612,1.4685,1.4261,1.4311,0
2009.12.20,00:00,1.4312,1.4417,1.4217,1.437,0
2009.12.27,00:00,1.4371,1.4457,1.4273,1.4324,0
2010.01.03,00:00,1.4325,1.4483,1.4257,1.4411,0
2010.01.10,00:00,1.4412,1.4579,1.4333,1.4346,0
2010.01.17,00:00,1.4347,1.4413,1.4028,1.4151,0
2010.01.24,00:00,1.4152,1.4193,1.3851,1.386,0
2010.01.31,00:00,1.3861,1.4026,1.3584,1.3656,0
2010.02.07,00:00,1.3655,1.3839,1.3531,1.3615,0
2010.02.14,00:00,1.3616,1.3788,1.3443,1.3613,0
2010.02.21,00:00,1.3614,1.3691,1.3451,1.3619,0
2010.02.28,00:00,1.362,1.3735,1.3434,1.3643,0
2010.03.07,00:00,1.3642,1.3795,1.3537,1.3759,0
2010.03.14,00:00,1.376,1.3817,1.3503,1.3518,0
2010.03.21,00:00,1.3517,1.3569,1.3267,1.3483,0
2010.03.28,00:00,1.3482,1.3591,1.3384,1.3493,0
2010.04.04,00:00,1.3492,1.3672,1.3282,1.3631,0
2010.04.11,00:00,1.363,1.3691,1.3464,1.3476,0
2010.04.18,00:00,1.3477,1.3521,1.3201,1.3346,0
2010.04.25,00:00,1.3345,1.3415,1.3114,1.3329,0
2010.05.02,00:00,1.333,1.3332,1.252,1.2939,0
2010.05.09,00:00,1.2937,1.3095,1.2338,1.2348,0
2010.05.16,00:00,1.2347,1.2672,1.2142,1.2546,0
2010.05.23,00:00,1.2547,1.2563,1.2153,1.2285,0
2010.05.30,00:00,1.2284,1.2353,1.1921,1.1948,0
2010.06.06,00:00,1.1947,1.2153,1.1876,1.212,0
2010.06.13,00:00,1.2119,1.2467,1.2116,1.2427,0
2010.06.20,00:00,1.2426,1.2465,1.2208,1.2377,0
2010.06.27,00:00,1.2378,1.2611,1.2152,1.2555,0
2010.07.04,00:00,1.2556,1.2721,1.2479,1.2642,0
2010.07.11,00:00,1.2641,1.3006,1.2522,1.2898,0
2010.07.18,00:00,1.2905,1.3027,1.2731,1.2895,0
2010.07.25,00:00,1.2894,1.3106,1.2876,1.3061,0
2010.08.01,00:00,1.3062,1.3333,1.3053,1.3291,0
2010.08.08,00:00,1.3289,1.3307,1.2751,1.2766,0
2010.08.15,00:00,1.2767,1.292,1.2665,1.2705,0
2010.08.22,00:00,1.2704,1.2778,1.2587,1.2764,0
2010.08.29,00:00,1.2765,1.2896,1.2625,1.2893,0
2010.09.05,00:00,1.2892,1.2918,1.2643,1.2708,0
2010.09.12,00:00,1.2707,1.3158,1.2703,1.3051,0
2010.09.19,00:00,1.305,1.3493,1.3028,1.3482,0
2010.09.26,00:00,1.3483,1.3805,1.338,1.3788,0
2010.10.03,00:00,1.3787,1.4029,1.3637,1.4,0
2010.10.10,00:00,1.3999,1.4159,1.3774,1.3972,0
2010.10.17,00:00,1.3971,1.405,1.3696,1.3951,0
2010.10.24,00:00,1.3952,1.4079,1.3733,1.3971,0
2010.10.31,00:00,1.397,1.4281,1.3863,1.4055,0
2010.11.07,00:00,1.4054,1.4085,1.3574,1.3682,0
2010.11.14,00:00,1.3683,1.375,1.3445,1.3734,0
2010.11.21,00:00,1.3735,1.3784,1.32,1.3276,0
2010.11.28,00:00,1.3275,1.3416,1.2968,1.3407,0
2010.12.05,00:00,1.3408,1.3422,1.3163,1.3204,0
2010.12.12,00:00,1.3205,1.3498,1.3132,1.3165,0
2010.12.19,00:00,1.3166,1.3201,1.3054,1.3114,0
2010.12.26,00:00,1.3112,1.3423,1.3071,1.3342,0
2011.01.02,00:00,1.3343,1.3432,1.2873,1.2891,0
2011.01.09,00:00,1.2894,1.3456,1.2873,1.337,0
2011.01.16,00:00,1.337,1.3646,1.3243,1.3607,0
2011.01.23,00:00,1.3606,1.3758,1.3539,1.358,0
2011.01.30,00:00,1.3579,1.3861,1.3543,1.3568,0
2011.02.06,00:00,1.3567,1.3743,1.3497,1.3524,0
2011.02.13,00:00,1.3525,1.3714,1.3427,1.369,0
2011.02.20,00:00,1.3689,1.3837,1.3524,1.3748,0
2011.02.27,00:00,1.3746,1.4006,1.3711,1.3992,0
2011.03.06,00:00,1.3993,1.4035,1.3751,1.3953,0
2011.03.13,00:00,1.3952,1.4194,1.3855,1.4182,0
2011.03.20,00:00,1.4181,1.4247,1.4024,1.4043,0
2011.03.27,00:00,1.4044,1.4245,1.4019,1.4233,0
2011.04.03,00:00,1.4234,1.4486,1.4151,1.4453,0
2011.04.10,00:00,1.4452,1.452,1.4364,1.4416,0
2011.04.17,00:00,1.4417,1.4648,1.4157,1.4565,0
2011.04.24,00:00,1.4564,1.4653,1.4493,1.4629,0
2011.05.08,00:00,1.4203,1.4339,1.4066,1.4104,28521
2011.05.15,00:00,1.4079,1.4345,1.4047,1.4155,94186
2011.05.22,00:00,1.4137,1.4301,1.4125,1.4285,18292
2011.05.29,00:00,1.4331,1.4642,1.4256,1.4633,78559
2011.06.05,00:00,1.4614,1.4695,1.4322,1.4335,80869
2011.06.19,00:00,1.4267,1.4441,1.4126,1.4181,87860
2011.06.26,00:00,1.4209,1.455,1.4103,1.4528,84549
2011.07.03,00:00,1.4532,1.4577,1.4205,1.4259,74726
2011.07.10,00:00,1.4244,1.4281,1.3836,1.4147,104059
2011.07.17,00:00,1.4113,1.4437,1.4013,1.4367,99488
2011.07.24,00:00,1.4384,1.4535,1.4228,1.4365,92333
2011.07.31,00:00,1.4378,1.4453,1.4055,1.4281,128234
2011.08.07,00:00,1.4407,1.443,1.4103,1.4249,140052
2011.08.14,00:00,1.4261,1.4517,1.4239,1.4395,88834
2011.08.21,00:00,1.438,1.4501,1.4328,1.4495,70916
2011.09.11,00:00,1.3602,1.3936,1.3494,1.3795,102718
2011.09.18,00:00,1.3712,1.3797,1.3385,1.3523,113735
2011.09.25,00:00,1.3517,1.3689,1.3362,1.3395,113521
2011.10.02,00:00,1.334,1.3524,1.3145,1.3386,115674
2011.10.09,00:00,1.3354,1.3893,1.3353,1.3877,93226
2011.10.16,00:00,1.3865,1.3914,1.3652,1.3896,105199
2011.10.23,00:00,1.3842,1.4246,1.3798,1.4156,102508
2011.10.30,00:00,1.4137,1.417,1.3607,1.3789,121751
2011.11.06,00:00,1.3779,1.3858,1.3483,1.3753,101076
2011.11.20,00:00,1.3501,1.3567,1.3211,1.3232,87063
2011.11.27,00:00,1.3328,1.3548,1.3259,1.3403,95604
2011.12.11,00:00,1.3368,1.3386,1.2944,1.3035,81082
2011.12.18,00:00,1.3044,1.3197,1.2982,1.3041,60966
2011.12.25,00:00,1.3063,1.3082,1.2857,1.2941,42783
2012.01.01,00:00,1.2932,1.3076,1.2696,1.2721,62447
2012.01.15,00:00,1.2634,1.2985,1.2624,1.2932,69581
2012.01.22,00:00,1.2864,1.3219,1.2856,1.3217,75087
2012.01.29,00:00,1.3227,1.323,1.3024,1.3145,77487
2012.02.05,00:00,1.3119,1.332,1.3027,1.3171,73232
2012.02.12,00:00,1.321,1.3283,1.2974,1.3156,75963
2012.02.19,00:00,1.3193,1.3485,1.3172,1.3464,65665
2012.02.26,00:00,1.3462,1.3485,1.3186,1.3203,73901
2012.03.04,00:00,1.3189,1.3291,1.3095,1.3114,65611
2012.03.18,00:00,1.3176,1.3293,1.3133,1.3269,52954
2012.03.25,00:00,1.3266,1.3386,1.3191,1.3335,57368
2012.04.01,00:00,1.3358,1.3379,1.3034,1.3098,52158
2012.04.08,00:00,1.3101,1.3212,1.3032,1.3075,54908
2012.04.15,00:00,1.3066,1.3224,1.2994,1.321,60237
2012.04.22,00:00,1.3185,1.3269,1.3104,1.3236,50739
2012.04.29,00:00,1.3234,1.3283,1.308,1.3088,38313
2012.05.06,00:00,1.3034,1.3065,1.2904,1.2922,50596
2012.05.13,00:00,1.2904,1.2907,1.2641,1.2773,47620
2012.05.20,00:00,1.2782,1.2824,1.2498,1.2511,53402
2012.05.27,00:00,1.2554,1.2623,1.2287,1.2418,44938
2012.06.17,00:00,1.2689,1.2742,1.2519,1.2561,56047
2012.07.01,00:00,1.2531,1.2538,1.2259,1.2281,19434
2012.07.08,00:00,1.2253,1.2332,1.2162,1.224,40236
2012.07.15,00:00,1.2261,1.2324,1.2143,1.2157,41762
2012.07.22,00:00,1.211,1.2389,1.2041,1.23,53695
2012.07.29,00:00,1.2304,1.2404,1.2134,1.2379,52175
2012.08.05,00:00,1.2388,1.2443,1.2241,1.2293,43099
2012.08.12,00:00,1.2288,1.2385,1.2255,1.2334,36936
2012.08.19,00:00,1.2345,1.2588,1.2294,1.2511,42022
2012.08.26,00:00,1.2512,1.2637,1.2464,1.2577,37179
2012.09.02,00:00,1.2564,1.2808,1.2501,1.2805,47928
2012.09.09,00:00,1.2809,1.3168,1.2754,1.3118,63789
2012.09.23,00:00,1.2969,1.299,1.2828,1.2851,59298
2012.09.30,00:00,1.2847,1.3071,1.2803,1.3027,54444
2012.10.14,00:00,1.2944,1.3138,1.289,1.3019,46911
2012.10.21,00:00,1.3019,1.3082,1.2882,1.2934,46768
2012.10.28,00:00,1.2934,1.302,1.2819,1.2829,41130
2012.11.04,00:00,1.2849,1.2849,1.2689,1.271,29692
2012.11.11,00:00,1.2675,1.2801,1.2661,1.2739,36325
2012.11.18,00:00,1.2741,1.2989,1.2735,1.2976,43994
2012.12.02,00:00,1.2978,1.3126,1.2876,1.2929,46296
2012.12.16,00:00,1.3227,1.3307,1.3158,1.3182,28207
2012.12.23,00:00,1.3171,1.3283,1.3165,1.3215,25027
2012.12.30,00:00,1.327,1.3293,1.2996,1.308,31332
2013.01.06,00:00,1.308,1.3365,1.3016,1.3336,51669
2013.01.20,00:00,1.3306,1.3478,1.3264,1.3459,43826
2013.01.27,00:00,1.3456,1.371,1.3413,1.3654,47287
2013.02.03,00:00,1.3643,1.3659,1.3353,1.3365,50387
2013.02.17,00:00,1.3374,1.3396,1.3144,1.3186,33582
2013.02.24,00:00,1.3213,1.3318,1.2966,1.302,83192
2013.03.03,00:00,1.3014,1.3133,1.2954,1.2997,56500
2013.03.10,00:00,1.2986,1.3106,1.291,1.3074,53601
2013.03.17,00:00,1.2902,1.3009,1.2843,1.2988,74064
2013.03.24,00:00,1.2948,1.3047,1.275,1.2818,54496
2013.03.31,00:00,1.2804,1.3039,1.2745,1.2992,50009
2013.04.14,00:00,1.3062,1.3201,1.3,1.3051,70035
2013.04.21,00:00,1.307,1.3092,1.2953,1.3028,51824
2013.04.28,00:00,1.305,1.3242,1.3031,1.3114,58491
2013.05.05,00:00,1.3117,1.3193,1.2934,1.299,49867
2013.05.12,00:00,1.2968,1.3028,1.2796,1.2836,60022
2013.05.19,00:00,1.2841,1.2997,1.2819,1.2935,67464
2013.05.26,00:00,1.2933,1.3061,1.2837,1.2998,59009
2013.06.02,00:00,1.2993,1.3305,1.2954,1.3218,73491
2013.06.09,00:00,1.3194,1.3389,1.3177,1.3344,67663
2013.06.16,00:00,1.3347,1.3417,1.3098,1.312,65401
2013.06.23,00:00,1.3091,1.315,1.2984,1.301,62638
2013.06.30,00:00,1.3012,1.3077,1.2805,1.2828,54822
2013.07.14,00:00,1.3075,1.3177,1.2992,1.3142,51753
2013.07.21,00:00,1.3139,1.3296,1.3135,1.3278,45875
2013.07.28,00:00,1.328,1.3344,1.3187,1.328,54998
2013.08.04,00:00,1.328,1.34,1.3232,1.3341,41914
2013.08.11,00:00,1.3321,1.3379,1.3204,1.3328,43748
2013.08.18,00:00,1.3333,1.3451,1.3297,1.3382,45927
2013.08.25,00:00,1.3384,1.3398,1.3172,1.3222,40160
2013.09.01,00:00,1.3213,1.3226,1.3104,1.3178,38641
2013.09.15,00:00,1.336,1.3568,1.3324,1.3525,43389
2013.09.22,00:00,1.3544,1.3564,1.3461,1.3522,33393
2013.09.29,00:00,1.3492,1.3645,1.3477,1.3556,39590
2013.10.06,00:00,1.3565,1.3606,1.3485,1.3541,34531
2013.10.13,00:00,1.356,1.3703,1.3472,1.3686,37880
2013.10.20,00:00,1.3682,1.3831,1.365,1.3804,33658
2013.10.27,00:00,1.3809,1.3817,1.3479,1.3486,43050
2013.11.03,00:00,1.3487,1.3547,1.3294,1.3367,46253
2013.11.10,00:00,1.3358,1.3505,1.3344,1.3495,40183
2013.11.17,00:00,1.3495,1.3579,1.3398,1.3555,41682
2013.11.24,00:00,1.3548,1.3621,1.3489,1.359,34317
2013.12.01,00:00,1.3585,1.3706,1.3523,1.3704,48683
2013.12.08,00:00,1.3714,1.381,1.3693,1.3741,36559
2013.12.15,00:00,1.3729,1.3811,1.3624,1.3671,45687
2013.12.22,00:00,1.3673,1.3893,1.3654,1.3748,22314
2013.12.29,00:00,1.3755,1.3818,1.3582,1.3584,25158
2014.01.05,00:00,1.3594,1.3686,1.3547,1.3669,48707
2014.01.19,00:00,1.3537,1.3739,1.3507,1.3677,40309
2014.01.26,00:00,1.3677,1.3716,1.3478,1.3486,48261
2014.02.02,00:00,1.3484,1.3643,1.3476,1.3634,44229
2014.02.09,00:00,1.3615,1.3714,1.3561,1.3692,36080
2014.02.16,00:00,1.3709,1.3772,1.3685,1.3737,28480
2014.02.23,00:00,1.3734,1.3824,1.3642,1.3801,33126
2014.03.02,00:00,1.3755,1.3914,1.3707,1.3876,29518
2014.03.09,00:00,1.3873,1.3966,1.3833,1.391,28893
2014.03.16,00:00,1.3911,1.3947,1.3748,1.3792,26821
2014.03.23,00:00,1.3798,1.3875,1.3704,1.3752,28200
2014.03.30,00:00,1.3761,1.3819,1.3672,1.3703,26168
2014.04.13,00:00,1.385,1.3864,1.379,1.3812,17971
2014.04.20,00:00,1.3816,1.3854,1.3784,1.3833,16256
2014.04.27,00:00,1.3843,1.3888,1.3774,1.3872,18445
2014.05.04,00:00,1.3882,1.3992,1.3744,1.3754,19941
2014.05.11,00:00,1.3754,1.3774,1.3648,1.3693,19599
2014.05.18,00:00,1.3692,1.3733,1.3615,1.3629,20407
2014.05.25,00:00,1.3621,1.3668,1.3586,1.3633,18488
2014.06.01,00:00,1.3636,1.3676,1.3502,1.3642,25877
2014.06.15,00:00,1.354,1.3642,1.3512,1.3598,22688
2014.06.22,00:00,1.3591,1.365,1.3573,1.3648,21536
2014.06.29,00:00,1.3644,1.3697,1.3585,1.3593,21263
2014.07.06,00:00,1.3594,1.365,1.3575,1.3606,20312
2014.07.13,00:00,1.3599,1.3639,1.3491,1.3523,21661
2014.07.20,00:00,1.3528,1.3548,1.342,1.3429,21319
2014.07.27,00:00,1.3431,1.3444,1.3366,1.3428,20132
2014.08.03,00:00,1.3429,1.3431,1.3332,1.3409,24421
2014.08.10,00:00,1.3408,1.3413,1.3335,1.34,20637
2014.08.17,00:00,1.3391,1.3398,1.322,1.3242,22688
2014.08.24,00:00,1.3193,1.322,1.3131,1.3131,23740
2014.08.31,00:00,1.3127,1.3159,1.2919,1.295,29946
2014.09.07,00:00,1.2956,1.2978,1.2858,1.2962,41488
2014.09.14,00:00,1.2971,1.2994,1.2827,1.2827,46872
2014.09.21,00:00,1.2833,1.29,1.2676,1.2682,40791
2014.09.28,00:00,1.268,1.2714,1.25,1.2515,56758
2014.10.05,00:00,1.2511,1.279,1.2508,1.2628,68382
2014.10.19,00:00,1.275,1.2839,1.2613,1.267,57494
2014.10.26,00:00,1.2673,1.277,1.2485,1.2523,58257
2014.11.02,00:00,1.2509,1.2576,1.2357,1.2454,75430
2014.11.09,00:00,1.2471,1.2545,1.2393,1.2525,62280
2014.11.16,00:00,1.253,1.26,1.2374,1.2393,65042
2014.11.23,00:00,1.2365,1.2531,1.2362,1.2451,42259
2014.11.30,00:00,1.2463,1.2506,1.227,1.2281,63311
2014.12.07,00:00,1.2284,1.2494,1.2246,1.2461,68026
2014.12.14,00:00,1.2472,1.2569,1.2219,1.2228,82804
2014.12.21,00:00,1.2223,1.2272,1.2164,1.2183,19895
2014.12.28,00:00,1.2179,1.222,1.1999,1.2001,23753
2015.01.04,00:00,1.1944,1.1976,1.1753,1.184,66766
2015.01.11,00:00,1.1849,1.187,1.1459,1.1566,99217
2015.01.18,00:00,1.1552,1.1679,1.1114,1.1203,91633
2015.01.25,00:00,1.115,1.1422,1.1096,1.1287,87127
2015.02.01,00:00,1.131,1.1533,1.1291,1.1315,89565
2015.02.08,00:00,1.1297,1.1442,1.1269,1.1393,71805
2015.02.15,00:00,1.14,1.1449,1.1278,1.1381,63314
2015.03.22,00:00,1.0961,1.1051,1.08,1.0885,68181
2015.03.29,00:00,1.0885,1.1026,1.0712,1.0967,73851
2015.04.05,00:00,1.1001,1.1035,1.0568,1.0605,69207
2015.04.12,00:00,1.0588,1.0847,1.0519,1.0806,94404
2015.04.19,00:00,1.0819,1.0899,1.0659,1.087,82136
2015.04.26,00:00,1.0866,1.129,1.0818,1.1198,96672
2015.05.03,00:00,1.1194,1.1391,1.1066,1.1199,98038
2015.05.10,00:00,1.1202,1.1466,1.113,1.1451,84714
2015.05.17,00:00,1.1448,1.1449,1.1001,1.1014,87481
2015.05.24,00:00,1.1003,1.1009,1.0818,1.0982,79149
2015.05.31,00:00,1.0983,1.1379,1.0886,1.1113,104129
2015.06.07,00:00,1.1099,1.1386,1.1084,1.1264,103275
2015.06.14,00:00,1.121,1.1434,1.1188,1.1353,84129
2015.06.28,00:00,1.1007,1.1278,1.0954,1.111,92071
2015.07.05,00:00,1.0993,1.1215,1.0915,1.1158,98532
2015.07.12,00:00,1.1095,1.1196,1.0828,1.0828,78385
2015.07.19,00:00,1.0834,1.1017,1.0808,1.0983,67217
2015.07.26,00:00,1.0983,1.1129,1.0892,1.0984,75523
2015.08.02,00:00,1.0971,1.0995,1.0847,1.0962,67345
2015.08.09,00:00,1.0964,1.1213,1.0925,1.111,72531
2015.08.16,00:00,1.1117,1.1388,1.1016,1.1388,68810
2015.08.23,00:00,1.1377,1.1714,1.1155,1.1184,135879
2015.08.30,00:00,1.1172,1.1331,1.1086,1.1143,84492
2015.09.06,00:00,1.1164,1.1349,1.1121,1.1336,67020
2015.09.20,00:00,1.1286,1.1329,1.1104,1.1196,71161
2015.09.27,00:00,1.1188,1.1318,1.1134,1.1209,75838
2015.10.04,00:00,1.1273,1.1386,1.121,1.1357,37016
2015.10.11,00:00,1.136,1.1494,1.1333,1.1348,52896
2015.10.18,00:00,1.1356,1.1386,1.0996,1.1017,57681
2015.10.25,00:00,1.1005,1.1095,1.0896,1.1004,63469
2015.11.01,00:00,1.1035,1.1052,1.0706,1.0737,59536
2015.11.08,00:00,1.073,1.083,1.0673,1.077,61575
2015.11.15,00:00,1.074,1.0761,1.0617,1.0647,59743
2015.11.22,00:00,1.0641,1.0689,1.0565,1.0593,52652
2015.11.29,00:00,1.0589,1.098,1.0523,1.0879,79605
2015.12.13,00:00,1.0982,1.1059,1.0802,1.0867,84928
2015.12.20,00:00,1.0854,1.0983,1.0847,1.0954,36576
2015.12.27,00:00,1.0954,1.0992,1.0898,1.0925,25181
2016.01.03,00:00,1.0871,1.0945,1.071,1.0924,78912
2016.01.10,00:00,1.0919,1.0984,1.0804,1.0912,79484
2016.01.17,00:00,1.0922,1.0975,1.0778,1.0797,77737
2016.01.24,00:00,1.0792,1.0967,1.0789,1.083,76896
2016.01.31,00:00,1.0832,1.1248,1.0814,1.1157,78504
2016.02.14,00:00,1.1237,1.125,1.1065,1.113,82280
2016.02.21,00:00,1.1113,1.1124,1.0911,1.0929,75960
2016.02.28,00:00,1.0912,1.1043,1.0824,1.1006,75468
2016.03.06,00:00,1.0991,1.1217,1.0829,1.1147,82109
2016.03.13,00:00,1.1146,1.1342,1.1057,1.1269,76013
2016.03.20,00:00,1.1269,1.1284,1.1143,1.1166,53957
2016.03.27,00:00,1.1163,1.1437,1.1152,1.1392,67371
2016.04.03,00:00,1.14,1.1453,1.1326,1.1397,67995
2016.04.17,00:00,1.1301,1.1397,1.1217,1.1225,57619
2016.04.24,00:00,1.122,1.1458,1.1219,1.1451,64957
2016.05.01,00:00,1.146,1.1615,1.1386,1.1401,71264
2016.05.08,00:00,1.1397,1.1446,1.1282,1.1305,55922
2016.05.15,00:00,1.1312,1.1348,1.1179,1.1219,53402
2016.05.29,00:00,1.1113,1.1373,1.1097,1.1371,56281
2016.06.05,00:00,1.1357,1.1415,1.1244,1.1252,55544
2016.06.12,00:00,1.1249,1.1302,1.113,1.1276,68826
2016.06.19,00:00,1.1335,1.1428,1.091,1.1107,150682
2016.06.26,00:00,1.1021,1.1169,1.097,1.114,106726
2016.07.03,00:00,1.1137,1.1185,1.1001,1.1054,67580
2016.07.10,00:00,1.1051,1.1164,1.1015,1.1036,70641
2016.07.17,00:00,1.1049,1.1083,1.0955,1.0971,63458
2016.07.24,00:00,1.0975,1.1196,1.0951,1.1176,59398
2016.07.31,00:00,1.1173,1.1233,1.1045,1.1084,47192