2016.06.22,14:00,1.1291,1.1299,1.128,1.1281,498
2016.06.22,15:00,1.1282,1.1313,1.1276,1.1313,698
2016.06.22,16:00,1.1314,1.1321,1.1297,1.1316,872
2016.06.22,17:00,1.1315,1.1337,1.1279,1.1281,1430
2016.06.22,18:00,1.128,1.129,1.1268,1.1284,1131
2016.06.22,19:00,1.1285,1.1319,1.1284,1.1302,656
2016.06.22,20:00,1.1303,1.1312,1.1287,1.1297,869
2016.06.22,21:00,1.1296,1.1309,1.1289,1.1307,624
2016.06.22,22:00,1.1306,1.131,1.1299,1.13,459
2016.06.22,23:00,1.1301,1.1303,1.1293,1.1295,257
2016.06.23,00:00,1.1294,1.1347,1.1294,1.1332,1236
2016.06.23,01:00,1.1331,1.1341,1.132,1.1331,693
2016.06.23,02:00,1.133,1.1338,1.1324,1.1325,166
2016.06.23,03:00,1.1326,1.1334,1.1318,1.133,267
2016.06.23,04:00,1.1329,1.1341,1.1325,1.1327,203
2016.06.23,05:00,1.1328,1.1342,1.1328,1.1339,178
2016.06.23,06:00,1.134,1.1349,1.1337,1.1344,137
2016.06.23,07:00,1.1345,1.1345,1.1333,1.1336,160
2016.06.23,08:00,1.1335,1.1347,1.1334,1.1346,192
2016.06.23,09:00,1.1347,1.1348,1.1332,1.134,710
2016.06.23,10:00,1.1339,1.1342,1.1317,1.1318,792
2016.06.23,11:00,1.1319,1.1354,1.1316,1.1353,904
2016.06.23,12:00,1.1354,1.14,1.1344,1.1385,1662
2016.06.23,13:00,1.1384,1.142,1.1381,1.1397,1849
2016.06.23,14:00,1.1398,1.1409,1.1379,1.1389,1290
2016.06.23,15:00,1.139,1.1405,1.1383,1.1391,1311
2016.06.23,16:00,1.139,1.1391,1.1362,1.1373,1590
2016.06.23,17:00,1.1389,1.1392,1.1346,1.1348,1831
2016.06.23,18:00,1.1347,1.1382,1.1345,1.1369,947
2016.06.23,19:00,1.137,1.1373,1.1347,1.1352,733
2016.06.23,20:00,1.1353,1.1365,1.135,1.1358,504
2016.06.23,21:00,1.1357,1.1359,1.1345,1.1353,495
2016.06.23,22:00,1.1354,1.1392,1.1341,1.1381,826
2016.06.23,23:00,1.138,1.1398,1.1363,1.1385,1210
2016.06.24,00:00,1.1379,1.1428,1.1376,1.1423,2886
2016.06.24,01:00,1.1415,1.1418,1.1365,1.1374,1512
2016.06.24,02:00,1.1373,1.1374,1.1268,1.1332,5703
2016.06.24,03:00,1.1331,1.1337,1.1269,1.1276,2953
2016.06.24,04:00,1.1275,1.1296,1.1178,1.1262,6561
2016.06.24,05:00,1.1261,1.1273,1.1024,1.1033,9291
2016.06.24,06:00,1.1032,1.1068,1.091,1.0974,10264
2016.06.24,07:00,1.0975,1.1051,1.0947,1.0947,7828
2016.06.24,08:00,1.0948,1.1023,1.0935,1.1019,5359
2016.06.24,09:00,1.1018,1.1086,1.1003,1.1033,5376
2016.06.24,10:00,1.1032,1.1188,1.1029,1.1156,4664
2016.06.24,11:00,1.1155,1.1166,1.1113,1.1126,2794
2016.06.24,12:00,1.1125,1.114,1.1105,1.1114,2315
2016.06.24,13:00,1.1113,1.1121,1.1049,1.1051,2701
2016.06.24,14:00,1.105,1.1074,1.1043,1.1048,2121
2016.06.24,15:00,1.1049,1.1094,1.104,1.1051,2834
2016.06.24,16:00,1.105,1.1105,1.1037,1.1085,2497
2016.06.24,17:00,1.1058,1.1134,1.1054,1.111,2571
2016.06.24,18:00,1.1122,1.1133,1.1086,1.1119,2296
2016.06.24,19:00,1.112,1.1176,1.1099,1.1165,2241
2016.06.24,20:00,1.1164,1.1179,1.1146,1.1161,1485
2016.06.24,21:00,1.116,1.1167,1.1114,1.112,1726
2016.06.24,22:00,1.1119,1.1134,1.1086,1.1086,1312
2016.06.24,23:00,1.1085,1.112,1.1085,1.1107,1450
2016.06.27,00:00,1.1021,1.1053,1.1015,1.104,804
2016.06.27,01:00,1.1041,1.1073,1.1034,1.1071,2355
2016.06.27,02:00,1.107,1.1074,1.1014,1.1039,1258
2016.06.27,03:00,1.1038,1.1049,1.1004,1.1011,1775
2016.06.27,04:00,1.1012,1.1014,1.0993,1.0999,1030
2016.06.27,05:00,1.0998,1.101,1.0983,1.1,571
2016.06.27,06:00,1.1001,1.103,1.1001,1.1028,662
2016.06.27,07:00,1.1027,1.1032,1.0999,1.1013,745
2016.06.27,08:00,1.1014,1.104,1.1014,1.1038,715
2016.06.27,09:00,1.1039,1.1059,1.1014,1.1041,1846
2016.06.27,10:00,1.1042,1.1067,1.104,1.1064,1849
2016.06.27,11:00,1.1065,1.1083,1.1033,1.105,2226
2016.06.27,12:00,1.1049,1.105,1.1018,1.103,2114
2016.06.27,13:00,1.1028,1.1033,1.1002,1.1013,1694
2016.06.27,14:00,1.1012,1.102,1.0981,1.0992,1362
2016.06.27,15:00,1.0993,1.1004,1.097,1.0989,1783
2016.06.27,16:00,1.0993,1.102,1.0987,1.1014,2213
2016.06.27,17:00,1.1013,1.1028,1.0971,1.0972,1823
2016.06.27,18:00,1.0973,1.1016,1.0971,1.1015,1711
2016.06.27,19:00,1.102,1.1043,1.1016,1.1037,1570
2016.06.27,20:00,1.1036,1.1039,1.1,1.1005,1052
2016.06.27,21:00,1.1006,1.1022,1.0995,1.1002,1044
2016.06.27,22:00,1.1003,1.102,1.0999,1.1017,739
2016.06.27,23:00,1.1016,1.1025,1.1013,1.1023,525
2016.06.28,00:00,1.1025,1.1028,1.1017,1.102,167
2016.06.28,01:00,1.1021,1.1024,1.1009,1.1009,631
2016.06.28,02:00,1.101,1.1018,1.101,1.1013,198
2016.06.28,03:00,1.1014,1.1025,1.1012,1.1019,350
2016.06.28,04:00,1.102,1.1053,1.1017,1.1042,911
2016.06.28,05:00,1.1043,1.1058,1.1039,1.1049,665
2016.06.28,06:00,1.105,1.1056,1.1042,1.1055,382
2016.06.28,07:00,1.1056,1.1063,1.1054,1.1061,342
2016.06.28,08:00,1.1062,1.1063,1.1052,1.106,425
2016.06.28,09:00,1.1059,1.1074,1.1047,1.1069,1137
2016.06.28,10:00,1.107,1.1076,1.1053,1.1068,1711
2016.06.28,11:00,1.1069,1.1078,1.1052,1.1053,1045
2016.06.28,12:00,1.1054,1.1093,1.1053,1.1092,957
2016.06.28,13:00,1.1091,1.1111,1.1085,1.1088,1108
2016.06.28,14:00,1.1087,1.1091,1.107,1.107,776
2016.06.28,15:00,1.1071,1.1084,1.1063,1.1071,1123
2016.06.28,16:00,1.107,1.1071,1.1051,1.1058,1306
2016.06.28,17:00,1.1059,1.1072,1.1047,1.105,1180
2016.06.28,18:00,1.1049,1.1059,1.1035,1.1052,1456
2016.06.28,19:00,1.1053,1.1066,1.1044,1.1052,806
2016.06.28,20:00,1.1053,1.1055,1.1039,1.104,514
2016.06.28,21:00,1.1039,1.1055,1.1034,1.1046,426
2016.06.28,22:00,1.1047,1.1079,1.1045,1.1077,659
2016.06.28,23:00,1.1078,1.109,1.1063,1.1064,501
2016.06.29,00:00,1.1065,1.1081,1.1061,1.1078,712
2016.06.29,01:00,1.1077,1.1078,1.1069,1.1072,534
2016.06.29,02:00,1.1073,1.1076,1.1071,1.1075,137
2016.06.29,03:00,1.1076,1.1076,1.1058,1.1062,349
2016.06.29,04:00,1.1063,1.1066,1.1048,1.1051,459
2016.06.29,05:00,1.1052,1.1064,1.1049,1.1064,353
2016.06.29,06:00,1.1065,1.1068,1.1062,1.1066,308
2016.06.29,07:00,1.1067,1.1068,1.1062,1.1066,232
2016.06.29,08:00,1.1067,1.1069,1.1054,1.1055,403
2016.06.29,09:00,1.1056,1.1079,1.1052,1.1069,746
2016.06.29,10:00,1.107,1.1102,1.1061,1.1071,1364
2016.06.29,11:00,1.107,1.1077,1.1059,1.1061,800
2016.06.29,12:00,1.106,1.1067,1.1051,1.1064,1003
2016.06.29,13:00,1.1063,1.1096,1.1063,1.1088,1108
2016.06.29,14:00,1.1089,1.1095,1.1069,1.1086,904
2016.06.29,15:00,1.1085,1.1111,1.1079,1.1082,1617
2016.06.29,16:00,1.1079,1.1119,1.1075,1.1118,1745
2016.06.29,17:00,1.1117,1.1129,1.1089,1.1103,1433
2016.06.29,18:00,1.1102,1.1123,1.11,1.1116,1181
2016.06.29,19:00,1.1115,1.1115,1.1093,1.1097,658
2016.06.29,20:00,1.1098,1.1114,1.1091,1.1113,642
2016.06.29,21:00,1.1112,1.1114,1.1103,1.1106,266
2016.06.29,22:00,1.1105,1.1109,1.1096,1.1102,438
2016.06.29,23:00,1.1101,1.1124,1.1099,1.1124,464
2016.06.30,00:00,1.1123,1.1126,1.1112,1.1126,357
2016.06.30,01:00,1.1125,1.1127,1.112,1.1123,211
2016.06.30,02:00,1.1122,1.1127,1.1119,1.1121,184
2016.06.30,03:00,1.1122,1.1123,1.1108,1.1109,316
2016.06.30,04:00,1.1108,1.1112,1.1104,1.1107,290
2016.06.30,05:00,1.1108,1.1119,1.1105,1.1107,294
2016.06.30,06:00,1.1108,1.111,1.1098,1.1102,267
2016.06.30,07:00,1.1103,1.1107,1.1099,1.1101,171
2016.06.30,08:00,1.11,1.1101,1.1085,1.1085,346
2016.06.30,09:00,1.1084,1.1112,1.1084,1.1106,707
2016.06.30,10:00,1.1107,1.1117,1.1086,1.1115,1229
2016.06.30,11:00,1.1114,1.1132,1.1109,1.112,1028
2016.06.30,12:00,1.1119,1.1137,1.1109,1.1126,1312
2016.06.30,13:00,1.1127,1.1154,1.1126,1.1144,866
2016.06.30,14:00,1.1145,1.1153,1.1097,1.1103,1103
2016.06.30,15:00,1.1104,1.1117,1.1076,1.1112,1564
2016.06.30,16:00,1.1111,1.1118,1.1089,1.1115,1112
2016.06.30,17:00,1.1116,1.1123,1.1089,1.1117,1607
2016.06.30,18:00,1.1116,1.1119,1.1032,1.1032,2801
2016.06.30,19:00,1.1037,1.1083,1.1023,1.1072,2644
2016.06.30,20:00,1.1071,1.1077,1.1034,1.1049,1084
2016.06.30,21:00,1.105,1.1081,1.1048,1.1078,1064
2016.06.30,22:00,1.1077,1.1098,1.1075,1.1093,626
2016.06.30,23:00,1.1094,1.1107,1.1087,1.1106,551
2016.07.01,00:00,1.1104,1.1107,1.1095,1.1102,249
2016.07.01,01:00,1.1098,1.1108,1.1094,1.1099,344
2016.07.01,02:00,1.1098,1.1107,1.1097,1.1102,279
2016.07.01,03:00,1.1101,1.1116,1.1101,1.1111,429
2016.07.01,04:00,1.1112,1.1115,1.1103,1.1104,311
2016.07.01,05:00,1.1105,1.1105,1.1099,1.1103,201
2016.07.01,06:00,1.1102,1.1105,1.1089,1.1089,250
2016.07.01,07:00,1.1088,1.1099,1.1086,1.1099,254
2016.07.01,08:00,1.1098,1.1099,1.1078,1.1079,302
2016.07.01,09:00,1.1078,1.1094,1.1071,1.1087,768
2016.07.01,10:00,1.1088,1.1116,1.1084,1.1106,1160
2016.07.01,11:00,1.1105,1.1114,1.1093,1.1105,1017
2016.07.01,12:00,1.1104,1.1113,1.11,1.1105,644
2016.07.01,13:00,1.1106,1.1123,1.1101,1.1122,658
2016.07.01,14:00,1.1123,1.1138,1.1114,1.1119,840
2016.07.01,15:00,1.112,1.1143,1.1118,1.1131,943
2016.07.01,16:00,1.1132,1.1169,1.1131,1.1152,1223
2016.07.01,17:00,1.115,1.1155,1.1112,1.1131,1404
2016.07.01,18:00,1.1132,1.1152,1.113,1.1143,913
2016.07.01,19:00,1.1144,1.1154,1.1132,1.1135,893
2016.07.01,20:00,1.1136,1.1148,1.1124,1.1126,676
2016.07.01,21:00,1.1127,1.1131,1.1117,1.1122,442
2016.07.01,22:00,1.1123,1.1139,1.1122,1.1133,419
2016.07.01,23:00,1.1134,1.1143,1.1125,1.114,275
2016.07.04,00:00,1.1137,1.1138,1.1125,1.113,227
2016.07.04,01:00,1.1132,1.1136,1.1124,1.1129,402
2016.07.04,02:00,1.1128,1.1136,1.1125,1.1127,190
2016.07.04,03:00,1.1126,1.1132,1.1124,1.1128,211
2016.07.04,04:00,1.1127,1.1137,1.1127,1.1134,282
2016.07.04,05:00,1.1135,1.1143,1.1135,1.1137,269
2016.07.04,06:00,1.1136,1.1139,1.1136,1.1137,152
2016.07.04,07:00,1.1136,1.1138,1.1134,1.1135,128
2016.07.04,08:00,1.1134,1.1143,1.1132,1.1135,208
2016.07.04,09:00,1.1134,1.1142,1.1118,1.1118,371
2016.07.04,10:00,1.1119,1.1134,1.1118,1.1122,603
2016.07.04,11:00,1.1123,1.1126,1.1097,1.1108,602
2016.07.04,12:00,1.1107,1.1132,1.1103,1.1128,486
2016.07.04,13:00,1.1129,1.1132,1.1121,1.1122,336
2016.07.04,14:00,1.1123,1.1139,1.112,1.1135,329
2016.07.04,15:00,1.1134,1.1147,1.1131,1.1143,550
2016.07.04,16:00,1.1142,1.1144,1.1128,1.1131,462
2016.07.04,17:00,1.1132,1.1144,1.113,1.1137,428
2016.07.04,18:00,1.1136,1.1145,1.1133,1.1142,467
2016.07.04,19:00,1.1143,1.1148,1.1142,1.1147,207
2016.07.04,20:00,1.1148,1.1155,1.1147,1.1154,1145
2016.07.04,21:00,1.1153,1.1159,1.1151,1.1158,230
2016.07.04,22:00,1.1157,1.1158,1.1154,1.1155,205
2016.07.04,23:00,1.1154,1.1158,1.1152,1.1153,266
2016.07.05,00:00,1.1154,1.1156,1.1148,1.1148,77
2016.07.05,01:00,1.1149,1.115,1.1144,1.1145,307
2016.07.05,02:00,1.1144,1.1148,1.1142,1.1144,245
2016.07.05,03:00,1.1143,1.1144,1.1132,1.1133,235
2016.07.05,04:00,1.1134,1.1135,1.1124,1.1127,314
2016.07.05,05:00,1.1126,1.1133,1.1124,1.1131,140
2016.07.05,06:00,1.113,1.1134,1.1128,1.1132,91
2016.07.05,07:00,1.1133,1.1135,1.1122,1.1123,179
2016.07.05,08:00,1.1124,1.1133,1.1122,1.1127,266
2016.07.05,09:00,1.1128,1.114,1.1119,1.1128,666
2016.07.05,10:00,1.1127,1.1185,1.1125,1.1154,1374
2016.07.05,11:00,1.1155,1.1157,1.1129,1.1135,818
2016.07.05,12:00,1.1136,1.1152,1.1132,1.1142,559
2016.07.05,13:00,1.1141,1.1164,1.1141,1.1153,517
2016.07.05,14:00,1.1154,1.116,1.1137,1.1143,648
2016.07.05,15:00,1.1142,1.1158,1.1129,1.1153,932
2016.07.05,16:00,1.1154,1.1166,1.1141,1.1147,979
2016.07.05,17:00,1.1146,1.115,1.1104,1.1105,1073
2016.07.05,18:00,1.1104,1.1111,1.1073,1.1079,1374
2016.07.05,19:00,1.1078,1.1094,1.1065,1.1089,994
2016.07.05,20:00,1.109,1.1092,1.108,1.1081,392
2016.07.05,21:00,1.108,1.1083,1.107,1.1072,445
2016.07.05,22:00,1.1073,1.1075,1.1061,1.1067,363
2016.07.05,23:00,1.1068,1.1076,1.1067,1.1075,202
2016.07.06,00:00,1.1074,1.1076,1.1061,1.1066,318
2016.07.06,01:00,1.1067,1.107,1.106,1.1062,210
2016.07.06,02:00,1.1061,1.1068,1.1057,1.1062,342
2016.07.06,03:00,1.1063,1.1068,1.1047,1.1048,434
2016.07.06,04:00,1.1049,1.1057,1.104,1.1042,697
2016.07.06,05:00,1.1041,1.1054,1.1035,1.1039,908
2016.07.06,06:00,1.1038,1.1054,1.1037,1.1051,532
2016.07.06,07:00,1.105,1.1052,1.1043,1.1052,221
2016.07.06,08:00,1.1051,1.1057,1.1046,1.1054,376
2016.07.06,09:00,1.1053,1.1065,1.1047,1.1064,764
2016.07.06,10:00,1.1065,1.1072,1.1054,1.1064,1114
2016.07.06,11:00,1.1063,1.1078,1.1044,1.1055,1058
2016.07.06,12:00,1.1054,1.1063,1.1043,1.1055,763
2016.07.06,13:00,1.1056,1.1073,1.1055,1.1066,803
2016.07.06,14:00,1.1065,1.1074,1.1052,1.1053,872
2016.07.06,15:00,1.1052,1.1087,1.1052,1.1073,1020
2016.07.06,16:00,1.1074,1.1084,1.1057,1.1057,1011
2016.07.06,17:00,1.1067,1.1071,1.1028,1.1071,1663
2016.07.06,18:00,1.107,1.1085,1.1063,1.1075,1218
2016.07.06,19:00,1.1076,1.1095,1.1071,1.1089,1019
2016.07.06,20:00,1.109,1.1096,1.1082,1.1094,509
2016.07.06,21:00,1.1095,1.1107,1.1087,1.1102,712
2016.07.06,22:00,1.1103,1.1111,1.1096,1.1101,409
2016.07.06,23:00,1.11,1.1102,1.1095,1.11,297
2016.07.07,00:00,1.1099,1.1102,1.1093,1.1094,90
2016.07.07,01:00,1.1093,1.1099,1.1089,1.1093,351
2016.07.07,02:00,1.1094,1.11,1.1087,1.1096,177
2016.07.07,03:00,1.1095,1.1096,1.1085,1.1087,401
2016.07.07,04:00,1.1088,1.1093,1.1073,1.1084,429
2016.07.07,05:00,1.1085,1.109,1.108,1.1086,236
2016.07.07,06:00,1.1085,1.1095,1.1085,1.1095,187
2016.07.07,07:00,1.1096,1.1106,1.1093,1.1101,362
2016.07.07,08:00,1.11,1.1101,1.1088,1.1089,236
2016.07.07,09:00,1.1088,1.1091,1.1074,1.1077,666
2016.07.07,10:00,1.1076,1.1087,1.1062,1.1062,837
2016.07.07,11:00,1.1063,1.109,1.1056,1.1081,850
2016.07.07,12:00,1.108,1.11,1.1073,1.1092,694
2016.07.07,13:00,1.1091,1.1095,1.1079,1.1082,652
2016.07.07,14:00,1.1081,1.1086,1.107,1.1073,687
2016.07.07,15:00,1.1074,1.1089,1.1067,1.1086,1132
2016.07.07,16:00,1.1085,1.1099,1.1081,1.1095,991
2016.07.07,17:00,1.1094,1.1095,1.1064,1.107,1087
2016.07.07,18:00,1.1071,1.1075,1.1058,1.1064,830
2016.07.07,19:00,1.1063,1.1066,1.1052,1.1063,525
2016.07.07,20:00,1.1062,1.1063,1.1053,1.1056,443
2016.07.07,21:00,1.1055,1.1061,1.1052,1.1054,348
2016.07.07,22:00,1.1053,1.1062,1.1053,1.1062,297
2016.07.07,23:00,1.1063,1.1066,1.106,1.1063,255
2016.07.08,00:00,1.1062,1.1065,1.1059,1.1062,162
2016.07.08,01:00,1.1061,1.1065,1.1058,1.1059,353
2016.07.08,02:00,1.1058,1.1068,1.1058,1.1063,210
2016.07.08,03:00,1.1062,1.1073,1.1061,1.1067,280
2016.07.08,04:00,1.1068,1.1078,1.1068,1.1075,256
2016.07.08,05:00,1.1074,1.1078,1.1071,1.1075,182
2016.07.08,06:00,1.1074,1.1081,1.1071,1.1081,224
2016.07.08,07:00,1.108,1.1084,1.1077,1.1083,224
2016.07.08,08:00,1.1082,1.1089,1.1077,1.1083,226
2016.07.08,09:00,1.1082,1.1084,1.1074,1.108,479
2016.07.08,10:00,1.1081,1.1083,1.1071,1.1075,607
2016.07.08,11:00,1.1074,1.108,1.1069,1.1074,582
2016.07.08,12:00,1.1073,1.1075,1.1062,1.1062,545
2016.07.08,13:00,1.1061,1.1069,1.1056,1.1064,510
2016.07.08,14:00,1.1065,1.1071,1.1059,1.1062,510
2016.07.08,15:00,1.1061,1.1082,1.1001,1.1023,2824
2016.07.08,16:00,1.1024,1.112,1.1021,1.1052,3772
2016.07.08,17:00,1.1051,1.1055,1.1026,1.1036,1142
2016.07.08,18:00,1.1037,1.1046,1.1029,1.1036,942
2016.07.08,19:00,1.1037,1.1054,1.1034,1.1054,398
2016.07.08,20:00,1.1053,1.1058,1.1038,1.1042,374
2016.07.08,21:00,1.1041,1.1049,1.1039,1.1047,319
2016.07.08,22:00,1.1046,1.1055,1.1044,1.1051,274
2016.07.08,23:00,1.1052,1.1057,1.1046,1.1054,206
2016.07.11,00:00,1.1051,1.1052,1.1044,1.1049,118
2016.07.11,01:00,1.105,1.1052,1.1042,1.1049,2055
2016.07.11,02:00,1.105,1.1051,1.1041,1.1043,214
2016.07.11,03:00,1.1042,1.1046,1.1033,1.1037,412
2016.07.11,04:00,1.1038,1.1047,1.1037,1.1044,267
2016.07.11,05:00,1.1045,1.1054,1.1044,1.1049,219
2016.07.11,06:00,1.105,1.1055,1.1047,1.1053,188
2016.07.11,07:00,1.1054,1.1054,1.1044,1.1046,177
2016.07.11,08:00,1.1045,1.1048,1.1041,1.1043,273
2016.07.11,09:00,1.1042,1.1053,1.1032,1.1041,808
2016.07.11,10:00,1.104,1.1042,1.1015,1.1024,871
2016.07.11,11:00,1.1025,1.1039,1.102,1.1025,763
2016.07.11,12:00,1.1026,1.1034,1.102,1.1031,552
2016.07.11,13:00,1.1032,1.1047,1.1027,1.1047,693
2016.07.11,14:00,1.1046,1.1059,1.1041,1.1045,755
2016.07.11,15:00,1.1046,1.1055,1.1041,1.1053,922
2016.07.11,16:00,1.1054,1.1074,1.1048,1.1064,1136
2016.07.11,17:00,1.1063,1.1068,1.1043,1.1044,1121
2016.07.11,18:00,1.1043,1.1049,1.1035,1.1043,789
2016.07.11,19:00,1.1044,1.1054,1.1043,1.1052,369
2016.07.11,20:00,1.1053,1.1058,1.105,1.1056,261
2016.07.11,21:00,1.1055,1.1061,1.1054,1.1056,249
2016.07.11,22:00,1.1055,1.1063,1.1054,1.1056,262
2016.07.11,23:00,1.1055,1.1061,1.1054,1.1057,209
2016.07.12,00:00,1.1056,1.1061,1.1055,1.1059,104
2016.07.12,01:00,1.1061,1.1066,1.1056,1.1059,239
2016.07.12,02:00,1.106,1.106,1.1055,1.1056,75
2016.07.12,03:00,1.1057,1.106,1.1052,1.1059,313
2016.07.12,04:00,1.106,1.1081,1.1051,1.1076,443
2016.07.12,05:00,1.1075,1.109,1.1073,1.1086,450
2016.07.12,06:00,1.1085,1.1086,1.1075,1.1076,206
2016.07.12,07:00,1.1075,1.1077,1.1073,1.1077,163
2016.07.12,08:00,1.1076,1.1086,1.1074,1.1085,166
2016.07.12,09:00,1.1084,1.1089,1.1079,1.1088,545
2016.07.12,10:00,1.1089,1.1125,1.1086,1.1109,1381
2016.07.12,11:00,1.111,1.1121,1.1105,1.111,1006
2016.07.12,12:00,1.1111,1.1115,1.1103,1.1105,909
2016.07.12,13:00,1.1106,1.1114,1.1091,1.1092,558
2016.07.12,14:00,1.1091,1.1094,1.1079,1.1092,695
2016.07.12,15:00,1.1093,1.1105,1.1088,1.1101,937
2016.07.12,16:00,1.1102,1.1102,1.1081,1.1091,896
2016.07.12,17:00,1.1092,1.1098,1.1064,1.1071,1173
2016.07.12,18:00,1.107,1.1076,1.106,1.1072,1012
2016.07.12,19:00,1.1073,1.1091,1.1071,1.1091,647
2016.07.12,20:00,1.109,1.1091,1.1068,1.1073,408
2016.07.12,21:00,1.1072,1.1073,1.1063,1.1068,257
2016.07.12,22:00,1.1069,1.1069,1.106,1.1061,307
2016.07.12,23:00,1.1062,1.1064,1.1059,1.1059,204
2016.07.13,00:00,1.1061,1.1067,1.106,1.1065,104
2016.07.13,01:00,1.1064,1.1066,1.1063,1.1064,293
2016.07.13,02:00,1.1065,1.1068,1.106,1.106,212
2016.07.13,03:00,1.1061,1.1064,1.1055,1.1063,395
2016.07.13,04:00,1.1062,1.1071,1.1058,1.1063,505
2016.07.13,05:00,1.1062,1.1066,1.1056,1.1065,500
2016.07.13,06:00,1.1064,1.107,1.1062,1.1063,331
2016.07.13,07:00,1.1064,1.1067,1.106,1.1067,342
2016.07.13,08:00,1.1066,1.1072,1.1064,1.1069,388
2016.07.13,09:00,1.1068,1.1069,1.1057,1.1059,600
2016.07.13,10:00,1.1058,1.1063,1.1043,1.1048,1142
2016.07.13,11:00,1.1047,1.1062,1.1044,1.1059,777
2016.07.13,12:00,1.1058,1.1081,1.1049,1.1079,1001
2016.07.13,13:00,1.1078,1.1085,1.1072,1.1085,894
2016.07.13,14:00,1.1084,1.1085,1.1072,1.1074,719
2016.07.13,15:00,1.1073,1.1089,1.1067,1.1088,720
2016.07.13,16:00,1.1087,1.1095,1.108,1.1083,787
2016.07.13,17:00,1.1084,1.112,1.1082,1.1101,1210
2016.07.13,18:00,1.11,1.1114,1.1099,1.1111,970
2016.07.13,19:00,1.111,1.1116,1.1101,1.1107,474
2016.07.13,20:00,1.1108,1.1112,1.1104,1.1107,312
2016.07.13,21:00,1.1106,1.111,1.1106,1.1107,148
2016.07.13,22:00,1.1106,1.1108,1.1092,1.1093,308
2016.07.13,23:00,1.1094,1.1096,1.1087,1.1088,241
2016.07.14,00:00,1.1087,1.1096,1.1087,1.1094,156
2016.07.14,01:00,1.1095,1.11,1.1094,1.1098,362
2016.07.14,02:00,1.1097,1.1103,1.1092,1.1094,308
2016.07.14,03:00,1.1093,1.1099,1.1092,1.1095,313
2016.07.14,04:00,1.1096,1.1109,1.1093,1.1108,518
2016.07.14,05:00,1.1109,1.1115,1.1104,1.1111,296
2016.07.14,06:00,1.111,1.1112,1.1103,1.1104,305
2016.07.14,07:00,1.1105,1.1111,1.1101,1.1111,229
2016.07.14,08:00,1.111,1.1121,1.11,1.1102,536
2016.07.14,09:00,1.1103,1.1128,1.1101,1.1104,1274
2016.07.14,10:00,1.1105,1.1105,1.1088,1.1099,881
2016.07.14,11:00,1.11,1.111,1.1094,1.1107,668
2016.07.14,12:00,1.1106,1.1116,1.1103,1.1112,787
2016.07.14,13:00,1.1113,1.1115,1.1096,1.1103,827
2016.07.14,14:00,1.1102,1.1164,1.1101,1.1151,2335
2016.07.14,15:00,1.1152,1.1164,1.1109,1.1114,1342
2016.07.14,16:00,1.1115,1.1118,1.11,1.1111,1160
2016.07.14,17:00,1.1112,1.1124,1.1102,1.1103,902
2016.07.14,18:00,1.1104,1.1113,1.1097,1.1107,765
2016.07.14,19:00,1.1108,1.112,1.1107,1.1113,388
2016.07.14,20:00,1.1112,1.1129,1.1111,1.1119,428
2016.07.14,21:00,1.112,1.1125,1.1117,1.1121,284
2016.07.14,22:00,1.1122,1.1123,1.1111,1.1112,168
2016.07.14,23:00,1.1113,1.1121,1.1113,1.1118,147
2016.07.15,00:00,1.1119,1.1119,1.1112,1.1112,650
2016.07.15,01:00,1.1113,1.1117,1.111,1.1112,346
2016.07.15,02:00,1.1113,1.1117,1.1101,1.1105,289
2016.07.15,03:00,1.1104,1.1118,1.1104,1.1115,482
2016.07.15,04:00,1.1114,1.1115,1.1106,1.1112,345
2016.07.15,05:00,1.1111,1.1139,1.1104,1.1132,662
2016.07.15,06:00,1.1133,1.1136,1.1127,1.113,224
2016.07.15,07:00,1.1129,1.1137,1.1125,1.1125,368
2016.07.15,08:00,1.1126,1.1127,1.1117,1.1118,427
2016.07.15,09:00,1.1117,1.1131,1.1115,1.1125,804
2016.07.15,10:00,1.1126,1.1139,1.1125,1.1132,792
2016.07.15,11:00,1.1131,1.1148,1.1131,1.1138,548
2016.07.15,12:00,1.1137,1.1142,1.1129,1.1141,788
2016.07.15,13:00,1.114,1.1143,1.1134,1.1135,537
2016.07.15,14:00,1.1136,1.1139,1.112,1.1122,500
2016.07.15,15:00,1.1123,1.1134,1.1105,1.1115,1333
2016.07.15,16:00,1.1114,1.1117,1.1071,1.1084,1199
2016.07.15,17:00,1.1083,1.1089,1.1063,1.1071,906
2016.07.15,18:00,1.107,1.1072,1.1055,1.1058,718
2016.07.15,19:00,1.1059,1.1067,1.1052,1.1061,842
2016.07.15,20:00,1.106,1.1067,1.1058,1.1064,343
2016.07.15,21:00,1.1063,1.1065,1.1055,1.1061,253
2016.07.15,22:00,1.1062,1.1072,1.1061,1.1068,321
2016.07.15,23:00,1.1069,1.107,1.1024,1.1036,1435
2016.07.18,00:00,1.1049,1.1052,1.1044,1.1049,224
2016.07.18,01:00,1.105,1.1059,1.1049,1.1057,905
2016.07.18,02:00,1.1058,1.1059,1.105,1.1055,474
2016.07.18,03:00,1.1056,1.1062,1.1051,1.1056,267
2016.07.18,04:00,1.1057,1.107,1.1053,1.1068,304
2016.07.18,05:00,1.1067,1.1068,1.106,1.1061,229
2016.07.18,06:00,1.1062,1.1066,1.1062,1.1063,108
2016.07.18,07:00,1.1064,1.1066,1.1061,1.1065,156
2016.07.18,08:00,1.1064,1.1069,1.1062,1.1068,159
2016.07.18,09:00,1.1067,1.1072,1.105,1.1057,599
2016.07.18,10:00,1.1056,1.1062,1.1045,1.1051,966
2016.07.18,11:00,1.1052,1.106,1.1048,1.105,769
2016.07.18,12:00,1.1051,1.1057,1.1036,1.1042,688
2016.07.18,13:00,1.1041,1.105,1.1037,1.1049,711
2016.07.18,14:00,1.105,1.1058,1.1047,1.1056,747
2016.07.18,15:00,1.1057,1.1059,1.1046,1.105,742
2016.07.18,16:00,1.1051,1.1064,1.1047,1.1064,887
2016.07.18,17:00,1.1063,1.1069,1.1057,1.1066,1044
2016.07.18,18:00,1.1065,1.1083,1.106,1.1075,1060
2016.07.18,19:00,1.1074,1.1081,1.1063,1.107,497
2016.07.18,20:00,1.1071,1.1081,1.1069,1.1074,406
2016.07.18,21:00,1.1075,1.1076,1.1067,1.1068,296
2016.07.18,22:00,1.1069,1.1074,1.1067,1.107,232
2016.07.18,23:00,1.1071,1.1075,1.107,1.1074,152
2016.07.19,00:00,1.1075,1.1077,1.1072,1.1074,121
2016.07.19,01:00,1.1073,1.1078,1.1072,1.1074,204
2016.07.19,02:00,1.1073,1.1076,1.1065,1.1067,125
2016.07.19,03:00,1.1068,1.1075,1.1063,1.1067,232
2016.07.19,04:00,1.1066,1.1069,1.1062,1.1068,217
2016.07.19,05:00,1.1067,1.1079,1.1065,1.1072,214
2016.07.19,06:00,1.1073,1.108,1.1072,1.1078,112
2016.07.19,07:00,1.1077,1.1078,1.1072,1.1075,99
2016.07.19,08:00,1.1074,1.1075,1.1069,1.1073,158
2016.07.19,09:00,1.1072,1.1077,1.1062,1.1066,550
2016.07.19,10:00,1.1065,1.1072,1.1049,1.1058,841
2016.07.19,11:00,1.1057,1.1077,1.1055,1.1062,738
2016.07.19,12:00,1.1063,1.1073,1.1057,1.1062,648
2016.07.19,13:00,1.1061,1.1066,1.1055,1.1058,432
2016.07.19,14:00,1.1059,1.1059,1.1023,1.1031,759
2016.07.19,15:00,1.103,1.1036,1.1013,1.1023,1128
2016.07.19,16:00,1.1022,1.1029,1.1011,1.1023,1181
2016.07.19,17:00,1.1022,1.1026,1.1009,1.101,1120
2016.07.19,18:00,1.1009,1.1018,1.0999,1.1012,1058
2016.07.19,19:00,1.1013,1.1018,1.1006,1.1013,737
2016.07.19,20:00,1.1012,1.1018,1.1008,1.1011,264
2016.07.19,21:00,1.1012,1.1016,1.1008,1.1014,243
2016.07.19,22:00,1.1015,1.102,1.1013,1.1018,238
2016.07.19,23:00,1.1017,1.1022,1.1015,1.1021,145
2016.07.20,00:00,1.102,1.1021,1.1015,1.1017,119
2016.07.20,01:00,1.1016,1.1021,1.1015,1.1017,290
2016.07.20,02:00,1.1018,1.1019,1.1011,1.1013,130
2016.07.20,03:00,1.1012,1.102,1.101,1.1013,242
2016.07.20,04:00,1.1014,1.1015,1.1002,1.1014,363
2016.07.20,05:00,1.1013,1.1014,1.0996,1.1004,260
2016.07.20,06:00,1.1005,1.1014,1.1005,1.1011,149
2016.07.20,07:00,1.101,1.1015,1.101,1.1015,104
2016.07.20,08:00,1.1014,1.102,1.1009,1.1017,192
2016.07.20,09:00,1.1016,1.1019,1.0983,1.0988,657
2016.07.20,10:00,1.0989,1.0995,1.098,1.0994,938
2016.07.20,11:00,1.0993,1.1013,1.0985,1.1001,918
2016.07.20,12:00,1.1,1.1015,1.0993,1.1006,879
2016.07.20,13:00,1.1007,1.1021,1.1001,1.101,600
2016.07.20,14:00,1.1011,1.1014,1.1004,1.1011,617
2016.07.20,15:00,1.1012,1.1016,1.099,1.0994,902
2016.07.20,16:00,1.0995,1.1002,1.0991,1.0996,806
2016.07.20,17:00,1.0997,1.1028,1.0995,1.1008,1161
2016.07.20,18:00,1.1009,1.101,1.0998,1.1004,718
2016.07.20,19:00,1.1005,1.1007,1.0998,1.1005,371
2016.07.20,20:00,1.1006,1.1006,1.0998,1.1004,281
2016.07.20,21:00,1.1003,1.1008,1.1,1.1003,197
2016.07.20,22:00,1.1004,1.102,1.1003,1.1017,562
2016.07.20,23:00,1.1016,1.1017,1.101,1.1013,260
2016.07.21,00:00,1.1014,1.1018,1.1005,1.1009,652
2016.07.21,01:00,1.101,1.1011,1.1007,1.101,131
2016.07.21,02:00,1.1009,1.1021,1.1009,1.1015,195
2016.07.21,03:00,1.1014,1.1018,1.1006,1.1009,332
2016.07.21,04:00,1.101,1.1026,1.1008,1.1024,241
2016.07.21,05:00,1.1023,1.1023,1.1016,1.1021,239
2016.07.21,06:00,1.1022,1.1043,1.1021,1.1035,356
2016.07.21,07:00,1.1036,1.1036,1.1031,1.1034,189
2016.07.21,08:00,1.1033,1.1038,1.1026,1.1027,281
2016.07.21,09:00,1.1028,1.1046,1.1027,1.1037,751
2016.07.21,10:00,1.1038,1.1038,1.1022,1.1032,1004
2016.07.21,11:00,1.1033,1.1041,1.1017,1.1021,1043
2016.07.21,12:00,1.1009,1.103,1.1004,1.1023,800
2016.07.21,13:00,1.1022,1.1031,1.1011,1.1014,849
2016.07.21,14:00,1.1015,1.1027,1.101,1.1011,858
2016.07.21,15:00,1.1012,1.1059,1.1008,1.1038,2419
2016.07.21,16:00,1.1046,1.1046,1.1005,1.1009,1706
2016.07.21,17:00,1.1004,1.1015,1.0979,1.0993,1364
2016.07.21,18:00,1.0992,1.102,1.0992,1.1014,882
2016.07.21,19:00,1.1013,1.1016,1.1004,1.1007,489
2016.07.21,20:00,1.1006,1.1012,1.1001,1.1008,285
2016.07.21,21:00,1.1007,1.102,1.1005,1.1013,231
2016.07.21,22:00,1.1014,1.1023,1.1013,1.1021,310
2016.07.21,23:00,1.102,1.1027,1.1018,1.1026,229
2016.07.22,00:00,1.1025,1.1028,1.1019,1.1025,115
2016.07.22,01:00,1.1023,1.1027,1.1019,1.1026,288
2016.07.22,02:00,1.1025,1.1032,1.1024,1.1031,153
2016.07.22,03:00,1.1032,1.1032,1.1025,1.1028,295
2016.07.22,04:00,1.1027,1.103,1.1022,1.1022,238
2016.07.22,05:00,1.1023,1.1025,1.1019,1.1022,176
2016.07.22,06:00,1.1023,1.1025,1.1018,1.1023,119
2016.07.22,07:00,1.1024,1.103,1.1022,1.103,123
2016.07.22,08:00,1.1029,1.1031,1.1019,1.102,178
2016.07.22,09:00,1.1021,1.1034,1.102,1.1022,572
2016.07.22,10:00,1.1021,1.103,1.1015,1.1025,990
2016.07.22,11:00,1.1024,1.104,1.1024,1.1028,1227
2016.07.22,12:00,1.1027,1.1036,1.1022,1.1025,693
2016.07.22,13:00,1.1024,1.1027,1.1011,1.1015,659
2016.07.22,14:00,1.1016,1.1029,1.1012,1.1023,718
2016.07.22,15:00,1.1022,1.1024,1.1008,1.1013,743
2016.07.22,16:00,1.1012,1.1023,1.1007,1.1012,765
2016.07.22,17:00,1.1013,1.1016,1.097,1.0979,919
2016.07.22,18:00,1.098,1.098,1.0965,1.0967,1015
2016.07.22,19:00,1.0966,1.0967,1.0955,1.0966,515
2016.07.22,20:00,1.0967,1.0968,1.0958,1.0965,341
2016.07.22,21:00,1.0966,1.0966,1.0955,1.0961,360
2016.07.22,22:00,1.096,1.0973,1.096,1.0972,241
2016.07.22,23:00,1.0973,1.0978,1.097,1.0971,277
2016.07.25,00:00,1.0975,1.0975,1.0968,1.0971,73
2016.07.25,01:00,1.0969,1.0973,1.0962,1.0971,699
2016.07.25,02:00,1.097,1.0971,1.0965,1.0968,169
2016.07.25,03:00,1.0969,1.0972,1.0957,1.0959,319
2016.07.25,04:00,1.096,1.096,1.0951,1.0959,357
2016.07.25,05:00,1.096,1.097,1.0959,1.0969,204
2016.07.25,06:00,1.0968,1.0973,1.0968,1.0971,136
2016.07.25,07:00,1.0972,1.0976,1.0969,1.0974,123
2016.07.25,08:00,1.0975,1.0978,1.0973,1.0974,154
2016.07.25,09:00,1.0973,1.0977,1.0964,1.0967,425
2016.07.25,10:00,1.0968,1.097,1.096,1.0965,796
2016.07.25,11:00,1.0966,1.0986,1.0963,1.0982,669
2016.07.25,12:00,1.0981,1.0996,1.0978,1.0991,569
2016.07.25,13:00,1.099,1.0993,1.0985,1.0988,487
2016.07.25,14:00,1.0987,1.0988,1.098,1.0983,411
2016.07.25,15:00,1.0982,1.0988,1.0971,1.0973,696
2016.07.25,16:00,1.0972,1.0984,1.0971,1.0977,626
2016.07.25,17:00,1.0978,1.0984,1.0969,1.097,663
2016.07.25,18:00,1.0971,1.0981,1.0967,1.0978,492
2016.07.25,19:00,1.0977,1.0989,1.0977,1.0986,224
2016.07.25,20:00,1.0987,1.0994,1.0983,1.0992,239
2016.07.25,21:00,1.0993,1.0998,1.0987,1.0989,189
2016.07.25,22:00,1.0988,1.0994,1.0987,1.099,121
2016.07.25,23:00,1.0989,1.0995,1.0989,1.0994,172
2016.07.26,00:00,1.0993,1.0995,1.0991,1.0993,121
2016.07.26,01:00,1.0992,1.0995,1.0989,1.0992,271
2016.07.26,02:00,1.0993,1.0996,1.0987,1.0988,110
2016.07.26,03:00,1.0987,1.0993,1.0982,1.0984,276
2016.07.26,04:00,1.0983,1.0992,1.0982,1.0989,217
2016.07.26,05:00,1.0988,1.0992,1.0985,1.0987,234
2016.07.26,06:00,1.0988,1.0988,1.0986,1.0987,70
2016.07.26,07:00,1.0988,1.1005,1.0986,1.1004,422
2016.07.26,08:00,1.1003,1.102,1.0999,1.1012,371
2016.07.26,09:00,1.1011,1.1016,1.1005,1.1007,592
2016.07.26,10:00,1.1006,1.1011,1.0996,1.1007,758
2016.07.26,11:00,1.1006,1.1011,1.1001,1.1011,600
2016.07.26,12:00,1.101,1.1029,1.101,1.1013,598
2016.07.26,13:00,1.1012,1.1015,1.1001,1.1001,496
2016.07.26,14:00,1.1,1.1002,1.0994,1.0996,543
2016.07.26,15:00,1.0997,1.0999,1.0984,1.0993,721
2016.07.26,16:00,1.0992,1.1006,1.099,1.1003,903
2016.07.26,17:00,1.1002,1.1003,1.0977,1.098,934
2016.07.26,18:00,1.0981,1.0987,1.0977,1.0982,517
2016.07.26,19:00,1.0981,1.0987,1.098,1.0987,295
2016.07.26,20:00,1.0986,1.0992,1.0984,1.099,185
2016.07.26,21:00,1.0989,1.0992,1.0985,1.0985,207
2016.07.26,22:00,1.0986,1.099,1.0983,1.0987,164
2016.07.26,23:00,1.0986,1.0988,1.0982,1.0985,116
2016.07.27,00:00,1.0986,1.0989,1.0983,1.0984,115
2016.07.27,01:00,1.0983,1.0989,1.0983,1.0988,113
2016.07.27,02:00,1.0987,1.0989,1.0985,1.0986,70
2016.07.27,03:00,1.0985,1.0993,1.0981,1.0989,241
2016.07.27,04:00,1.099,1.0993,1.0985,1.0985,222
2016.07.27,05:00,1.0984,1.0994,1.0984,1.099,173
2016.07.27,06:00,1.0989,1.1,1.0984,1.0997,533
2016.07.27,07:00,1.0998,1.1001,1.0993,1.0999,284
2016.07.27,08:00,1.1,1.1,1.0992,1.0995,332
2016.07.27,09:00,1.0994,1.0995,1.0987,1.0989,438
2016.07.27,10:00,1.0988,1.1,1.0986,1.1,512
2016.07.27,11:00,1.1001,1.1003,1.0992,1.0993,581
2016.07.27,12:00,1.0992,1.1005,1.0991,1.0998,463
2016.07.27,13:00,1.0997,1.1004,1.0991,1.0993,521
2016.07.27,14:00,1.0994,1.0996,1.0988,1.0991,432
2016.07.27,15:00,1.0992,1.1003,1.0987,1.0998,703
2016.07.27,16:00,1.0999,1.1005,1.0992,1.1002,775
2016.07.27,17:00,1.1003,1.1007,1.0984,1.0986,610
2016.07.27,18:00,1.0987,1.0996,1.0983,1.0987,546
2016.07.27,19:00,1.0986,1.0994,1.0986,1.099,259
2016.07.27,20:00,1.0991,1.0999,1.0989,1.0996,282
2016.07.27,21:00,1.0998,1.1022,1.096,1.1017,2990
2016.07.27,22:00,1.1018,1.1064,1.1017,1.1052,1811
2016.07.27,23:00,1.1051,1.1062,1.1049,1.1057,441
2016.07.28,00:00,1.1059,1.1069,1.1051,1.1054,342
2016.07.28,01:00,1.1052,1.1058,1.1052,1.1057,408
2016.07.28,02:00,1.1058,1.1073,1.1057,1.1068,307
2016.07.28,03:00,1.1069,1.1074,1.1065,1.1067,462
2016.07.28,04:00,1.1068,1.1068,1.1058,1.1061,398
2016.07.28,05:00,1.1062,1.1073,1.1061,1.1072,271
2016.07.28,06:00,1.1071,1.1076,1.1071,1.1072,188
2016.07.28,07:00,1.1073,1.1073,1.1066,1.1069,251
2016.07.28,08:00,1.107,1.107,1.1063,1.1068,265
2016.07.28,09:00,1.1069,1.1094,1.1068,1.1088,884
2016.07.28,10:00,1.1089,1.1119,1.1087,1.1101,1353
2016.07.28,11:00,1.1102,1.1113,1.11,1.1104,679
2016.07.28,12:00,1.1105,1.1106,1.109,1.1093,587
2016.07.28,13:00,1.1094,1.1095,1.108,1.1082,531
2016.07.28,14:00,1.1083,1.1088,1.1078,1.1082,454
2016.07.28,15:00,1.1083,1.1102,1.1082,1.1099,709
2016.07.28,16:00,1.1098,1.1105,1.1089,1.1105,821
2016.07.28,17:00,1.1104,1.1107,1.1081,1.1082,731
2016.07.28,18:00,1.1083,1.1093,1.1079,1.1093,438
2016.07.28,19:00,1.1092,1.1092,1.1072,1.1075,380
2016.07.28,20:00,1.1076,1.108,1.1068,1.1071,382
2016.07.28,21:00,1.1072,1.1075,1.1068,1.1072,403
2016.07.28,22:00,1.1073,1.1077,1.107,1.1074,246
2016.07.28,23:00,1.1075,1.1081,1.1074,1.1076,172
2016.07.29,00:00,1.1077,1.108,1.1075,1.1076,93
2016.07.29,01:00,1.1077,1.1081,1.1073,1.1078,399
2016.07.29,02:00,1.1077,1.1085,1.1075,1.1081,215
2016.07.29,03:00,1.1082,1.1083,1.1073,1.108,537
2016.07.29,04:00,1.1081,1.1084,1.1077,1.1079,279
2016.07.29,05:00,1.1078,1.1088,1.1074,1.1083,508
2016.07.29,06:00,1.1082,1.1096,1.1072,1.109,1347
2016.07.29,07:00,1.1091,1.1094,1.108,1.1081,439
2016.07.29,08:00,1.108,1.1085,1.1073,1.1077,412
2016.07.29,09:00,1.1078,1.1089,1.1075,1.1088,739
2016.07.29,10:00,1.1087,1.1101,1.1085,1.1087,832
2016.07.29,11:00,1.1086,1.1098,1.1083,1.1097,636
2016.07.29,12:00,1.1098,1.1112,1.1092,1.1109,614
2016.07.29,13:00,1.111,1.1112,1.1106,1.1111,400
2016.07.29,14:00,1.111,1.1114,1.1108,1.1113,470
2016.07.29,15:00,1.1112,1.1155,1.1104,1.1149,1289
2016.07.29,16:00,1.115,1.1167,1.115,1.1162,1197
2016.07.29,17:00,1.1161,1.1182,1.1161,1.1178,1347
2016.07.29,18:00,1.1179,1.1196,1.1168,1.1168,1264
2016.07.29,19:00,1.1167,1.1173,1.1154,1.1156,714
2016.07.29,20:00,1.1157,1.1166,1.1156,1.1164,424
2016.07.29,21:00,1.1163,1.118,1.1163,1.1177,411
2016.07.29,22:00,1.1178,1.1188,1.1177,1.1178,545
2016.07.29,23:00,1.1177,1.1184,1.1173,1.1176,444
2016.08.01,00:00,1.1173,1.1181,1.1166,1.1179,196
2016.08.01,01:00,1.1181,1.1183,1.117,1.1171,400
2016.08.01,02:00,1.1172,1.1172,1.1165,1.1166,217
2016.08.01,03:00,1.1167,1.1176,1.1165,1.1174,360
2016.08.01,04:00,1.1175,1.1178,1.1168,1.1171,273
2016.08.01,05:00,1.1172,1.1174,1.1169,1.117,183
2016.08.01,06:00,1.1171,1.1178,1.1165,1.1177,237
2016.08.01,07:00,1.1178,1.1181,1.1174,1.1178,191
2016.08.01,08:00,1.1179,1.118,1.117,1.117,196
2016.08.01,09:00,1.1169,1.1169,1.1161,1.1163,441
2016.08.01,10:00,1.1162,1.1171,1.116,1.1168,481
2016.08.01,11:00,1.1167,1.1176,1.1159,1.1159,577
2016.08.01,12:00,1.1158,1.1177,1.1158,1.1174,607
2016.08.01,13:00,1.1175,1.1175,1.116,1.1163,419
2016.08.01,14:00,1.1164,1.1167,1.1154,1.1155,452
2016.08.01,15:00,1.1156,1.1169,1.1155,1.1164,459
2016.08.01,16:00,1.1163,1.1169,1.1159,1.1168,676
2016.08.01,17:00,1.1169,1.1174,1.1162,1.1169,886
2016.08.01,18:00,1.117,1.1178,1.117,1.1174,415
2016.08.01,19:00,1.1175,1.1177,1.1166,1.117,250
2016.08.01,20:00,1.1171,1.1172,1.1165,1.1167,279
2016.08.01,21:00,1.1166,1.1171,1.1164,1.1169,176
2016.08.01,22:00,1.1168,1.1168,1.116,1.1165,278
2016.08.01,23:00,1.1167,1.1168,1.1158,1.1163,261
2016.08.02,00:00,1.1164,1.1165,1.1158,1.1163,183
2016.08.02,01:00,1.1164,1.1166,1.1163,1.1166,111
2016.08.02,02:00,1.1165,1.1167,1.1162,1.1166,84
2016.08.02,03:00,1.1165,1.1174,1.1165,1.1172,304
2016.08.02,04:00,1.1173,1.1174,1.1163,1.1163,277
2016.08.02,05:00,1.1164,1.1171,1.1161,1.117,191
2016.08.02,06:00,1.1169,1.1172,1.1168,1.1171,101
2016.08.02,07:00,1.117,1.118,1.117,1.1175,301
2016.08.02,08:00,1.1176,1.1184,1.1173,1.1176,295
2016.08.02,09:00,1.1177,1.1186,1.1175,1.1182,496
2016.08.02,10:00,1.1183,1.1208,1.118,1.1199,1268
2016.08.02,11:00,1.12,1.1202,1.1192,1.1201,758
2016.08.02,12:00,1.1202,1.1202,1.1193,1.1195,473
2016.08.02,13:00,1.1194,1.1203,1.119,1.1191,452
2016.08.02,14:00,1.119,1.1195,1.1186,1.1193,428
2016.08.02,15:00,1.1194,1.1205,1.1186,1.12,956
2016.08.02,16:00,1.1201,1.1215,1.12,1.1214,901
2016.08.02,17:00,1.1215,1.1224,1.121,1.1219,784
2016.08.02,18:00,1.122,1.1229,1.122,1.1224,597
2016.08.02,19:00,1.1223,1.1228,1.1218,1.1222,446
2016.08.02,20:00,1.1223,1.1232,1.1222,1.1228,336
2016.08.02,21:00,1.1227,1.1233,1.1223,1.1225,215
2016.08.02,22:00,1.1224,1.1225,1.1219,1.1221,276
2016.08.02,23:00,1.122,1.1225,1.1219,1.1223,240
2016.08.03,00:00,1.1222,1.1226,1.1219,1.1221,140
2016.08.03,01:00,1.122,1.1222,1.1218,1.1219,350
2016.08.03,02:00,1.1218,1.1221,1.1217,1.1217,130
2016.08.03,03:00,1.1216,1.1218,1.1213,1.1214,233
2016.08.03,04:00,1.1215,1.1215,1.121,1.1212,194
2016.08.03,05:00,1.1211,1.1216,1.1207,1.1208,152
2016.08.03,06:00,1.1207,1.1214,1.1207,1.1212,168
2016.08.03,07:00,1.1211,1.1216,1.121,1.1213,269
2016.08.03,08:00,1.1212,1.1214,1.1207,1.1208,229
2016.08.03,09:00,1.1207,1.1211,1.12,1.1201,419
2016.08.03,10:00,1.12,1.1214,1.12,1.1211,632
2016.08.03,11:00,1.1212,1.1212,1.1196,1.1199,464
2016.08.03,12:00,1.1198,1.12,1.1189,1.1191,498
2016.08.03,13:00,1.119,1.1204,1.1189,1.1198,385
2016.08.03,14:00,1.1197,1.1202,1.1196,1.1201,373
2016.08.03,15:00,1.1202,1.1204,1.1189,1.1192,677
2016.08.03,16:00,1.1193,1.1195,1.1175,1.1183,790
2016.08.03,17:00,1.1182,1.1185,1.1161,1.1171,864
2016.08.03,18:00,1.1172,1.1179,1.1169,1.1169,370
2016.08.03,19:00,1.1168,1.1176,1.1165,1.1173,278
2016.08.03,20:00,1.1172,1.1175,1.1142,1.1143,452
2016.08.03,21:00,1.1144,1.1146,1.114,1.1144,281
2016.08.03,22:00,1.1145,1.115,1.1144,1.1147,187
2016.08.03,23:00,1.1148,1.115,1.1146,1.1148,139
2016.08.04,00:00,1.1147,1.1151,1.1147,1.1148,112
2016.08.04,01:00,1.1149,1.115,1.1146,1.1148,244
2016.08.04,02:00,1.1149,1.1151,1.1147,1.1149,87
2016.08.04,03:00,1.1148,1.1152,1.1142,1.1143,270
2016.08.04,04:00,1.1144,1.1155,1.1134,1.1151,416
2016.08.04,05:00,1.115,1.1152,1.1142,1.1148,211
2016.08.04,06:00,1.1147,1.1148,1.1143,1.1143,139
2016.08.04,07:00,1.1144,1.1146,1.1142,1.1145,100
2016.08.04,08:00,1.1146,1.1146,1.1138,1.1139,218
2016.08.04,09:00,1.1138,1.1144,1.1127,1.1128,511
2016.08.04,10:00,1.1129,1.1141,1.1127,1.1135,697
2016.08.04,11:00,1.1134,1.114,1.1132,1.1133,450
2016.08.04,12:00,1.1134,1.1135,1.1124,1.1126,317
2016.08.04,13:00,1.1125,1.1137,1.1124,1.1131,457
2016.08.04,14:00,1.1133,1.1138,1.1113,1.1119,1471
2016.08.04,15:00,1.1122,1.1147,1.1122,1.1143,880
2016.08.04,16:00,1.1142,1.1148,1.1135,1.1143,730
2016.08.04,17:00,1.1142,1.1147,1.1135,1.1138,752
2016.08.04,18:00,1.1137,1.1142,1.1129,1.1132,552
2016.08.04,19:00,1.1133,1.114,1.1131,1.1137,305
2016.08.04,20:00,1.1136,1.1136,1.1127,1.113,179
2016.08.04,21:00,1.1129,1.1134,1.1128,1.1129,181
2016.08.04,22:00,1.1128,1.1132,1.1125,1.113,145
2016.08.04,23:00,1.1129,1.1131,1.1126,1.1129,117
2016.08.05,00:00,1.1128,1.1132,1.1127,1.1128,98
2016.08.05,01:00,1.1127,1.1128,1.1125,1.1127,343
2016.08.05,02:00,1.1128,1.1134,1.1127,1.1134,53
2016.08.05,03:00,1.1133,1.1134,1.1128,1.1131,149
2016.08.05,04:00,1.113,1.1133,1.1128,1.1131,186
2016.08.05,05:00,1.1132,1.1134,1.113,1.1134,95
2016.08.05,06:00,1.1133,1.1135,1.1132,1.1133,163
2016.08.05,07:00,1.1134,1.1136,1.1132,1.1136,131
2016.08.05,08:00,1.1135,1.114,1.1134,1.1137,183
2016.08.05,09:00,1.1138,1.1143,1.1137,1.114,205
2016.08.05,10:00,1.1139,1.1144,1.1132,1.1138,457
2016.08.05,11:00,1.1139,1.115,1.1137,1.1149,471
2016.08.05,12:00,1.115,1.1151,1.1139,1.1141,424
2016.08.05,13:00,1.114,1.1149,1.1139,1.1145,282
2016.08.05,14:00,1.1144,1.116,1.1144,1.1153,462
2016.08.05,15:00,1.1154,1.116,1.1081,1.1084,1886
2016.08.05,16:00,1.1083,1.1085,1.1045,1.1049,1337
2016.08.05,17:00,1.105,1.1071,1.1048,1.107,863
2016.08.05,18:00,1.1069,1.1086,1.1067,1.1079,667
2016.08.05,19:00,1.1078,1.1089,1.1077,1.1087,284
2016.08.05,20:00,1.1088,1.1104,1.1086,1.1093,330
2016.08.05,21:00,1.1092,1.1093,1.109,1.109,115
2016.08.05,22:00,1.1091,1.1091,1.1085,1.1087,231
2016.08.05,23:00,1.1086,1.1088,1.1082,1.1084,179
2016.08.08,00:00,1.1084,1.1093,1.1082,1.1086,283
2016.08.08,01:00,1.1084,1.1092,1.1079,1.1091,445
2016.08.08,02:00,1.1092,1.1093,1.1086,1.1087,150
2016.08.08,03:00,1.1086,1.1089,1.1081,1.1084,285
2016.08.08,04:00,1.1085,1.1094,1.1083,1.1092,294
2016.08.08,05:00,1.1093,1.1099,1.1092,1.1097,141
2016.08.08,06:00,1.1096,1.1104,1.1096,1.1103,128
2016.08.08,07:00,1.1102,1.1105,1.11,1.1105,120
2016.08.08,08:00,1.1104,1.1105,1.1091,1.1095,174
2016.08.08,09:00,1.1094,1.1099,1.1082,1.1082,403
2016.08.08,10:00,1.1083,1.1092,1.1082,1.1088,518
2016.08.08,11:00,1.1089,1.1091,1.108,1.1086,602
2016.08.08,12:00,1.1087,1.1098,1.1086,1.1092,342
2016.08.08,13:00,1.1093,1.1093,1.1081,1.1081,393
2016.08.08,14:00,1.1082,1.1086,1.1079,1.1085,280
2016.08.08,15:00,1.1084,1.1088,1.1082,1.1087,336
2016.08.08,16:00,1.1086,1.1088,1.1074,1.1074,503
2016.08.08,17:00,1.1075,1.1086,1.1074,1.1074,416
2016.08.08,18:00,1.1075,1.1079,1.1072,1.1077,361
2016.08.08,19:00,1.1078,1.1081,1.1075,1.1077,140
2016.08.08,20:00,1.1078,1.1081,1.1076,1.1081,134
2016.08.08,21:00,1.1082,1.1085,1.1081,1.1081,98
2016.08.08,22:00,1.1082,1.1086,1.1082,1.1083,146
2016.08.08,23:00,1.1082,1.1089,1.1081,1.1088,147
2016.08.09,00:00,1.1086,1.1088,1.1082,1.1086,99
2016.08.09,01:00,1.1085,1.1086,1.1082,1.1085,155
2016.08.09,02:00,1.1084,1.1087,1.1083,1.1085,50
2016.08.09,03:00,1.1086,1.1091,1.1085,1.1086,185
2016.08.09,04:00,1.1087,1.1087,1.1076,1.1076,204
2016.08.09,05:00,1.1077,1.1081,1.1071,1.1081,159
2016.08.09,06:00,1.108,1.1088,1.108,1.1085,74
2016.08.09,07:00,1.1084,1.1087,1.1082,1.1083,130
2016.08.09,08:00,1.1082,1.1084,1.1076,1.1076,89
2016.08.09,09:00,1.1077,1.108,1.1072,1.1073,307
2016.08.09,10:00,1.1074,1.1078,1.107,1.1076,395
2016.08.09,11:00,1.1075,1.1096,1.1075,1.1095,766
2016.08.09,12:00,1.1094,1.1097,1.1086,1.1088,397
2016.08.09,13:00,1.1089,1.1091,1.1084,1.1085,437
2016.08.09,14:00,1.1084,1.1088,1.1075,1.1078,455
2016.08.09,15:00,1.1077,1.1081,1.1075,1.108,456
2016.08.09,16:00,1.1079,1.1111,1.1078,1.1102,798
2016.08.09,17:00,1.1103,1.1123,1.11,1.111,815
2016.08.09,18:00,1.1111,1.1113,1.1106,1.1108,806
2016.08.09,19:00,1.1109,1.1112,1.1101,1.1102,270
2016.08.09,20:00,1.1101,1.1111,1.11,1.1108,258
2016.08.09,21:00,1.1107,1.1111,1.1106,1.1107,205
2016.08.09,22:00,1.1106,1.1115,1.1105,1.1111,266
2016.08.09,23:00,1.1112,1.1118,1.1111,1.1116,125
2016.08.10,00:00,1.1117,1.1117,1.1112,1.1115,78
2016.08.10,01:00,1.1113,1.1118,1.1113,1.1114,164
2016.08.10,02:00,1.1115,1.1117,1.1114,1.1117,87
2016.08.10,03:00,1.1116,1.1144,1.1116,1.1137,430
2016.08.10,04:00,1.1138,1.115,1.1137,1.1146,363
2016.08.10,05:00,1.1147,1.1155,1.1143,1.1148,330
2016.08.10,06:00,1.1149,1.115,1.1143,1.1149,165
2016.08.10,07:00,1.115,1.1154,1.1147,1.1149,156
2016.08.10,08:00,1.115,1.1154,1.1146,1.1146,175
2016.08.10,09:00,1.1147,1.1151,1.1139,1.114,312
2016.08.10,10:00,1.1141,1.1151,1.1138,1.1142,501
2016.08.10,11:00,1.1143,1.1148,1.1141,1.1146,426
2016.08.10,12:00,1.1145,1.1183,1.1145,1.1172,929
2016.08.10,13:00,1.1171,1.1177,1.1169,1.1172,380
2016.08.10,14:00,1.1173,1.1189,1.1173,1.1184,732
2016.08.10,15:00,1.1185,1.1189,1.1179,1.1188,536
2016.08.10,16:00,1.1189,1.1189,1.1172,1.1175,667
2016.08.10,17:00,1.1176,1.1178,1.1158,1.1164,645
2016.08.10,18:00,1.1165,1.1174,1.116,1.1169,592
2016.08.10,19:00,1.117,1.1175,1.1166,1.1166,335
2016.08.10,20:00,1.1167,1.1178,1.1166,1.1177,173
2016.08.10,21:00,1.1178,1.1183,1.117,1.1174,169
2016.08.10,22:00,1.1173,1.118,1.117,1.1174,112
2016.08.10,23:00,1.1173,1.1178,1.1173,1.1177,112
2016.08.11,00:00,1.1178,1.1184,1.1176,1.1182,468
2016.08.11,01:00,1.1183,1.1187,1.118,1.1185,453
2016.08.11,02:00,1.1186,1.1191,1.1184,1.1184,217
2016.08.11,03:00,1.1185,1.1189,1.1182,1.1183,183
2016.08.11,04:00,1.1182,1.1183,1.1172,1.1176,245
2016.08.11,05:00,1.1177,1.1181,1.1175,1.1176,148
2016.08.11,06:00,1.1175,1.1177,1.1167,1.1167,127
2016.08.11,07:00,1.1168,1.1172,1.1166,1.1167,68
2016.08.11,08:00,1.1166,1.1168,1.1162,1.1163,108
2016.08.11,09:00,1.1162,1.1167,1.1159,1.1165,304
2016.08.11,10:00,1.1164,1.1169,1.114,1.1148,663
2016.08.11,11:00,1.1147,1.1148,1.1135,1.1142,520
2016.08.11,12:00,1.1141,1.115,1.1141,1.1145,405
2016.08.11,13:00,1.1144,1.1148,1.1137,1.1147,414
2016.08.11,14:00,1.1148,1.1154,1.1141,1.1146,375
2016.08.11,15:00,1.1145,1.116,1.1145,1.1156,562
2016.08.11,16:00,1.1157,1.1167,1.115,1.1166,522
2016.08.11,17:00,1.1165,1.1178,1.1164,1.1177,715
2016.08.11,18:00,1.1178,1.1181,1.1166,1.1167,616
2016.08.11,19:00,1.1168,1.1168,1.1152,1.1156,497
2016.08.11,20:00,1.1157,1.1157,1.1139,1.1139,335
2016.08.11,21:00,1.1138,1.1143,1.1136,1.1142,225
2016.08.11,22:00,1.1141,1.1146,1.1139,1.114,216
2016.08.11,23:00,1.1139,1.114,1.1134,1.1136,120
2016.08.12,00:00,1.1135,1.1141,1.1135,1.1141,61
2016.08.12,01:00,1.1137,1.114,1.1136,1.1138,170
2016.08.12,02:00,1.1139,1.1139,1.1135,1.1137,107
2016.08.12,03:00,1.1138,1.1142,1.113,1.1134,223
2016.08.12,04:00,1.1135,1.1139,1.1133,1.1137,123
2016.08.12,05:00,1.1138,1.114,1.1134,1.1138,129
2016.08.12,06:00,1.1139,1.1143,1.1138,1.114,82
2016.08.12,07:00,1.1139,1.114,1.1134,1.1139,129
2016.08.12,08:00,1.1138,1.1142,1.1137,1.1141,130
2016.08.12,09:00,1.1142,1.1144,1.1134,1.1142,271
2016.08.12,10:00,1.1141,1.1155,1.1138,1.1144,564
2016.08.12,11:00,1.1143,1.1158,1.1143,1.1154,450
2016.08.12,12:00,1.1153,1.1156,1.1144,1.1149,427
2016.08.12,13:00,1.1148,1.1156,1.1146,1.1153,306
2016.08.12,14:00,1.1152,1.1154,1.1147,1.1149,274
2016.08.12,15:00,1.115,1.122,1.1149,1.1208,1299
2016.08.12,16:00,1.1194,1.1204,1.1184,1.1195,988
2016.08.12,17:00,1.1196,1.1203,1.1168,1.1178,1073
2016.08.12,18:00,1.1177,1.1183,1.1169,1.117,540
2016.08.12,19:00,1.1171,1.1171,1.1166,1.1167,361
2016.08.12,20:00,1.1168,1.1172,1.1164,1.1164,189
2016.08.12,21:00,1.1165,1.1171,1.1158,1.1162,164
2016.08.12,22:00,1.1161,1.1164,1.1159,1.1161,183