2013.11.21,00:00,1.3439,1.3485,1.3398,1.3479,9902
2013.11.22,00:00,1.3478,1.3556,1.346,1.3555,6575
2013.11.25,00:00,1.3548,1.3559,1.3489,1.3517,6351
2013.11.26,00:00,1.3516,1.3574,1.3514,1.3571,7427
2013.11.27,00:00,1.3572,1.3612,1.3557,1.358,7950
2013.11.28,00:00,1.3579,1.3618,1.3563,1.3604,5044
2013.11.29,00:00,1.3605,1.3621,1.358,1.359,7545
2013.12.02,00:00,1.3585,1.3615,1.3525,1.3542,8400
2013.12.03,00:00,1.3541,1.3613,1.3523,1.3588,8070
2013.12.04,00:00,1.3586,1.3604,1.3527,1.3592,9855
2013.12.05,00:00,1.3593,1.3676,1.3542,1.3666,12647
2013.12.06,00:00,1.3667,1.3706,1.3619,1.3704,9711
2013.12.09,00:00,1.3714,1.3745,1.3693,1.3739,5954
2013.12.10,00:00,1.3738,1.3794,1.3733,1.376,6854
2013.12.11,00:00,1.3759,1.381,1.3739,1.3785,7635
2013.12.12,00:00,1.3784,1.3802,1.3737,1.3752,8909
2013.12.13,00:00,1.3751,1.3768,1.3708,1.3741,7207
2013.12.16,00:00,1.3729,1.3798,1.3727,1.376,7167
2013.12.17,00:00,1.3761,1.3781,1.3722,1.3768,7515
2013.12.18,00:00,1.3766,1.3811,1.3674,1.3684,12983
2013.12.19,00:00,1.3686,1.3693,1.3648,1.366,9036
2013.12.20,00:00,1.3661,1.3708,1.3624,1.3671,8986
2013.12.23,00:00,1.3673,1.3716,1.3666,1.3695,5241
2013.12.24,00:00,1.3696,1.3713,1.3654,1.3674,3380
2013.12.26,00:00,1.3676,1.3701,1.3675,1.369,3273
2013.12.27,00:00,1.3689,1.3893,1.3686,1.3748,10420
2013.12.30,00:00,1.3755,1.3818,1.3727,1.3799,6675
2013.12.31,00:00,1.3797,1.3812,1.3791,1.3798,761
2014.01.02,00:00,1.3744,1.3758,1.3629,1.3671,10185
2014.01.03,00:00,1.3666,1.3671,1.3582,1.3584,7537
2014.01.06,00:00,1.3594,1.3652,1.357,1.3628,8256
2014.01.07,00:00,1.3629,1.3655,1.3596,1.3615,8725
2014.01.08,00:00,1.3614,1.3634,1.3552,1.3575,9629
2014.01.09,00:00,1.3574,1.3632,1.3547,1.3607,10797
2014.01.10,00:00,1.3608,1.3686,1.357,1.3669,11300
2014.01.13,00:00,1.3676,1.3684,1.3636,1.367,7707
2014.01.14,00:00,1.3672,1.3699,1.3648,1.3678,7971
2014.01.15,00:00,1.3677,1.3681,1.358,1.3604,8147
2014.01.16,00:00,1.3603,1.3649,1.3582,1.3619,8444
2014.01.20,00:00,1.3537,1.3567,1.3507,1.3551,4768
2014.01.21,00:00,1.3552,1.3568,1.3515,1.356,7764
2014.01.22,00:00,1.3559,1.3583,1.3534,1.3546,6699
2014.01.23,00:00,1.3545,1.3698,1.3529,1.3695,11609
2014.01.24,00:00,1.3694,1.3739,1.3662,1.3677,9469
2014.01.27,00:00,1.3677,1.3716,1.3652,1.3672,8518
2014.01.28,00:00,1.3671,1.3687,1.3628,1.367,6928
2014.01.29,00:00,1.3664,1.3684,1.3602,1.3661,11756
2014.01.30,00:00,1.366,1.3665,1.3542,1.3553,9929
2014.01.31,00:00,1.3554,1.3573,1.3478,1.3486,11130
2014.02.03,00:00,1.3484,1.3535,1.3476,1.3524,10280
2014.02.04,00:00,1.3527,1.3538,1.3492,1.3517,8384
2014.02.05,00:00,1.3516,1.3555,1.3498,1.3532,7509
2014.02.06,00:00,1.3533,1.3618,1.3482,1.3589,9478
2014.02.07,00:00,1.359,1.3643,1.3551,1.3634,8578
2014.02.10,00:00,1.3615,1.3651,1.3614,1.3644,5198
2014.02.11,00:00,1.3643,1.3682,1.3628,1.3635,7975
2014.02.12,00:00,1.3637,1.3652,1.3561,1.3592,7995
2014.02.13,00:00,1.3591,1.3691,1.3584,1.3679,8196
2014.02.14,00:00,1.368,1.3714,1.3673,1.3692,6716
2014.02.17,00:00,1.3709,1.3723,1.3691,1.3707,4719
2014.02.18,00:00,1.3706,1.377,1.3694,1.3758,6245
2014.02.19,00:00,1.3757,1.3772,1.3724,1.3734,5002
2014.02.20,00:00,1.3732,1.3762,1.3685,1.3718,6822
2014.02.21,00:00,1.3717,1.3758,1.3701,1.3737,5692
2014.02.24,00:00,1.3734,1.3771,1.3707,1.3731,5646
2014.02.25,00:00,1.3734,1.3766,1.3714,1.3744,6166
2014.02.26,00:00,1.3743,1.3756,1.3661,1.3688,7277
2014.02.27,00:00,1.3684,1.3726,1.3642,1.3709,6516
2014.02.28,00:00,1.371,1.3824,1.3693,1.3801,7521
2014.03.03,00:00,1.3755,1.3792,1.3725,1.3734,6107
2014.03.04,00:00,1.3737,1.3781,1.372,1.3738,5265
2014.03.05,00:00,1.3739,1.3747,1.3707,1.3732,5307
2014.03.06,00:00,1.3729,1.3872,1.372,1.3857,6984
2014.03.07,00:00,1.386,1.3914,1.3851,1.3876,5855
2014.03.10,00:00,1.3873,1.3897,1.3861,1.3877,4321
2014.03.11,00:00,1.3876,1.3878,1.3833,1.3858,4491
2014.03.12,00:00,1.3859,1.3913,1.3843,1.3901,5153
2014.03.13,00:00,1.3902,1.3966,1.3845,1.3872,7394
2014.03.14,00:00,1.3869,1.3937,1.3847,1.391,7534
2014.03.17,00:00,1.3911,1.3947,1.3878,1.392,4884
2014.03.18,00:00,1.3921,1.3942,1.3879,1.3933,5573
2014.03.19,00:00,1.3932,1.3933,1.3809,1.3815,5954
2014.03.20,00:00,1.3816,1.3844,1.3748,1.3779,6035
2014.03.21,00:00,1.378,1.381,1.3765,1.3792,4375
2014.03.24,00:00,1.3798,1.3875,1.376,1.3837,5284
2014.03.25,00:00,1.3836,1.3846,1.3748,1.3825,6738
2014.03.26,00:00,1.3826,1.3827,1.3776,1.3785,5098
2014.03.27,00:00,1.3784,1.3796,1.3728,1.3741,6350
2014.03.28,00:00,1.374,1.3772,1.3704,1.3752,4730
2014.03.31,00:00,1.3761,1.3808,1.3723,1.3768,5588
2014.04.01,00:00,1.3769,1.3815,1.3768,1.3792,4194
2014.04.02,00:00,1.3794,1.3819,1.3752,1.3766,4253
2014.04.03,00:00,1.3768,1.3806,1.3697,1.3719,6247
2014.04.04,00:00,1.372,1.373,1.3672,1.3703,5886
2014.04.07,00:00,1.3699,1.3748,1.3695,1.374,3024
2014.04.08,00:00,1.3741,1.3811,1.3736,1.3796,4873
2014.04.09,00:00,1.3794,1.3861,1.3779,1.3854,4908
2014.04.10,00:00,1.3853,1.3898,1.3835,1.3885,4974
2014.04.14,00:00,1.385,1.3862,1.3807,1.3819,4975
2014.04.15,00:00,1.382,1.3831,1.379,1.3814,4362
2014.04.16,00:00,1.3813,1.385,1.3803,1.3814,4002
2014.04.17,00:00,1.3815,1.3864,1.381,1.3813,3262
2014.04.18,00:00,1.3812,1.3821,1.3808,1.3812,1370
2014.04.21,00:00,1.3816,1.3829,1.3786,1.3792,1756
2014.04.22,00:00,1.3791,1.3824,1.3784,1.3804,3434
2014.04.23,00:00,1.3805,1.3854,1.3799,1.3816,4140
2014.04.24,00:00,1.3815,1.3842,1.3791,1.383,4082
2014.04.25,00:00,1.3831,1.3847,1.3826,1.3833,2844
2014.04.28,00:00,1.3843,1.3879,1.3814,1.385,3724
2014.04.29,00:00,1.3849,1.3878,1.3805,1.3811,3688
2014.04.30,00:00,1.3812,1.3876,1.3774,1.3866,4930
2014.05.01,00:00,1.3865,1.3888,1.3862,1.3869,2214
2014.05.02,00:00,1.3868,1.388,1.3811,1.3872,3889
2014.05.05,00:00,1.3882,1.3885,1.3864,1.3875,2687
2014.05.06,00:00,1.3876,1.395,1.3871,1.3926,3971
2014.05.07,00:00,1.3925,1.3938,1.3909,1.3909,3470
2014.05.08,00:00,1.391,1.3992,1.3832,1.3839,5576
2014.05.09,00:00,1.384,1.3843,1.3744,1.3754,4237
2014.05.12,00:00,1.3754,1.3774,1.3748,1.3756,2979
2014.05.13,00:00,1.3757,1.3771,1.3688,1.3703,4617
2014.05.14,00:00,1.3702,1.373,1.3697,1.3714,3667
2014.05.15,00:00,1.3712,1.3731,1.3648,1.3709,4767
2014.05.16,00:00,1.3708,1.3726,1.3684,1.3693,3569
2014.05.19,00:00,1.3692,1.3733,1.3692,1.3708,3835
2014.05.20,00:00,1.3709,1.3713,1.3677,1.3701,3421
2014.05.21,00:00,1.37,1.3722,1.3634,1.3686,4746
2014.05.22,00:00,1.3685,1.3687,1.3644,1.3655,4409
2014.05.23,00:00,1.3654,1.3658,1.3615,1.3629,3996
2014.05.26,00:00,1.3621,1.3654,1.3614,1.3644,2604
2014.05.27,00:00,1.3645,1.3668,1.3613,1.3634,4212
2014.05.28,00:00,1.3633,1.3637,1.3588,1.359,3693
2014.05.29,00:00,1.3589,1.3624,1.3586,1.3601,4113
2014.05.30,00:00,1.3603,1.3649,1.3598,1.3633,3866
2014.06.02,00:00,1.3636,1.3637,1.3587,1.3596,4165
2014.06.03,00:00,1.3598,1.3647,1.3586,1.3626,4349
2014.06.04,00:00,1.3627,1.3638,1.3596,1.3597,4388
2014.06.05,00:00,1.3598,1.3669,1.3502,1.366,7636
2014.06.06,00:00,1.3659,1.3676,1.362,1.3642,5339
2014.06.09,00:00,1.3642,1.3668,1.3582,1.3593,4019
2014.06.10,00:00,1.3592,1.3601,1.3533,1.3546,5028
2014.06.11,00:00,1.3547,1.3556,1.3521,1.353,5211
2014.06.12,00:00,1.3531,1.3571,1.3511,1.3552,5784
2014.06.16,00:00,1.354,1.3578,1.3512,1.3573,4637
2014.06.17,00:00,1.3572,1.3586,1.3535,1.3546,3759
2014.06.18,00:00,1.3545,1.3598,1.3541,1.3594,5632
2014.06.19,00:00,1.3595,1.3642,1.3583,1.3606,4518
2014.06.20,00:00,1.3607,1.3633,1.3564,1.3598,4142
2014.06.23,00:00,1.3591,1.3613,1.3573,1.3603,4351
2014.06.24,00:00,1.3604,1.3627,1.3582,1.3605,4171
2014.06.25,00:00,1.3606,1.3649,1.3599,1.3627,4009
2014.06.26,00:00,1.3628,1.364,1.3575,1.361,4344
2014.06.27,00:00,1.3611,1.365,1.3606,1.3648,4661
2014.06.30,00:00,1.3644,1.3697,1.3639,1.3692,4940
2014.07.01,00:00,1.3691,1.3696,1.3675,1.3678,5021
2014.07.02,00:00,1.3679,1.3681,1.3642,1.3658,3942
2014.07.03,00:00,1.3657,1.3664,1.3597,1.3609,4865
2014.07.04,00:00,1.361,1.361,1.3585,1.3593,2495
2014.07.07,00:00,1.3594,1.3608,1.3575,1.3604,3126
2014.07.08,00:00,1.3603,1.3616,1.3587,1.3611,3297
2014.07.09,00:00,1.3612,1.3647,1.3601,1.3641,4653
2014.07.10,00:00,1.364,1.365,1.3588,1.3608,5094
2014.07.11,00:00,1.3607,1.3624,1.3591,1.3606,4142
2014.07.14,00:00,1.3599,1.3639,1.3597,1.3618,4120
2014.07.15,00:00,1.3617,1.3627,1.3562,1.3567,5531
2014.07.16,00:00,1.3566,1.3572,1.352,1.3524,3754
2014.07.17,00:00,1.3525,1.3539,1.3516,1.3525,3868
2014.07.18,00:00,1.3526,1.3535,1.3491,1.3523,4388
2014.07.21,00:00,1.3528,1.3548,1.3512,1.3523,3872
2014.07.22,00:00,1.3524,1.3529,1.3458,1.3465,4766
2014.07.23,00:00,1.3466,1.3473,1.3454,1.3463,3558
2014.07.24,00:00,1.3462,1.3484,1.3437,1.3463,4790
2014.07.25,00:00,1.3462,1.3475,1.342,1.3429,4333
2014.07.28,00:00,1.3431,1.3443,1.3426,1.3438,2470
2014.07.29,00:00,1.3439,1.3444,1.3403,1.3408,3315
2014.07.30,00:00,1.341,1.3414,1.3366,1.3397,4859
2014.07.31,00:00,1.3396,1.34,1.3371,1.3389,4408
2014.08.01,00:00,1.339,1.3444,1.3378,1.3428,5080
2014.08.04,00:00,1.3429,1.3431,1.3409,1.3422,2974
2014.08.05,00:00,1.3421,1.3424,1.3358,1.3375,4081
2014.08.06,00:00,1.3374,1.3386,1.3332,1.3381,5771
2014.08.07,00:00,1.3382,1.3393,1.3336,1.3362,5757
2014.08.08,00:00,1.3365,1.3429,1.3343,1.3409,5838
2014.08.11,00:00,1.3408,1.3411,1.338,1.3385,3467
2014.08.12,00:00,1.3384,1.3386,1.3335,1.3368,3878
2014.08.13,00:00,1.3367,1.3413,1.3341,1.3364,4283
2014.08.14,00:00,1.3363,1.3407,1.3348,1.3364,4328
2014.08.15,00:00,1.3366,1.341,1.3358,1.34,4681
2014.08.18,00:00,1.3391,1.3398,1.3352,1.3362,3361
2014.08.19,00:00,1.3363,1.3363,1.3312,1.3319,4063
2014.08.20,00:00,1.3321,1.3323,1.3254,1.3259,5236
2014.08.21,00:00,1.3258,1.3288,1.3241,1.3281,4442
2014.08.22,00:00,1.328,1.3296,1.322,1.3242,5586
2014.08.25,00:00,1.3193,1.321,1.3183,1.3192,3886
2014.08.26,00:00,1.3195,1.3214,1.3164,1.3167,4769
2014.08.27,00:00,1.3166,1.3209,1.3152,1.3192,5242
2014.08.28,00:00,1.3191,1.322,1.3159,1.3181,5170
2014.08.29,00:00,1.318,1.3195,1.3131,1.3131,4673
2014.09.01,00:00,1.3127,1.3145,1.3118,1.3128,2777
2014.09.02,00:00,1.3127,1.3136,1.3109,1.3132,4034
2014.09.03,00:00,1.3133,1.3159,1.3121,1.3149,5008
2014.09.04,00:00,1.3148,1.3153,1.2919,1.2942,10273
2014.09.05,00:00,1.2943,1.2988,1.2921,1.295,7854
2014.09.08,00:00,1.2956,1.2958,1.2881,1.2894,6873
2014.09.09,00:00,1.2893,1.2957,1.2858,1.2936,8651
2014.09.10,00:00,1.2937,1.2962,1.2883,1.2916,9809
2014.09.11,00:00,1.2915,1.2951,1.2896,1.2923,8132
2014.09.12,00:00,1.2924,1.2978,1.2908,1.2962,8023
2014.09.15,00:00,1.2971,1.2972,1.2908,1.2939,5867
2014.09.16,00:00,1.294,1.2994,1.2921,1.2959,7571
2014.09.17,00:00,1.296,1.2981,1.2851,1.2864,12999
2014.09.18,00:00,1.2865,1.2929,1.2833,1.2922,9955
2014.09.19,00:00,1.2921,1.2928,1.2827,1.2827,10480
2014.09.22,00:00,1.2833,1.2867,1.2815,1.2848,6872
2014.09.23,00:00,1.2849,1.29,1.2842,1.2847,7452
2014.09.24,00:00,1.2846,1.2863,1.2773,1.278,7510
2014.09.25,00:00,1.2779,1.2782,1.2696,1.275,10184
2014.09.26,00:00,1.2749,1.276,1.2676,1.2682,8773
2014.09.29,00:00,1.268,1.2714,1.2663,1.2684,7739
2014.09.30,00:00,1.2685,1.2701,1.257,1.263,10973
2014.10.01,00:00,1.2632,1.2638,1.2583,1.2621,10767
2014.10.02,00:00,1.2622,1.2698,1.2613,1.2668,15586
2014.10.03,00:00,1.2667,1.2674,1.25,1.2515,11693
2014.10.06,00:00,1.2511,1.2674,1.2508,1.2654,9669
2014.10.07,00:00,1.2653,1.2681,1.2583,1.2668,14346
2014.10.08,00:00,1.2669,1.2748,1.2622,1.2733,14729
2014.10.09,00:00,1.2732,1.279,1.2663,1.269,18099
2014.10.10,00:00,1.2689,1.2715,1.2605,1.2628,11539
2014.10.13,00:00,1.2629,1.276,1.262,1.2752,11267
2014.10.14,00:00,1.2751,1.2768,1.2639,1.2657,14671
2014.10.15,00:00,1.2658,1.2845,1.2624,1.2836,23159
2014.10.16,00:00,1.2835,1.2844,1.2705,1.2808,25881
2014.10.20,00:00,1.275,1.2816,1.273,1.28,11521
2014.10.21,00:00,1.2799,1.2839,1.2714,1.2716,12636
2014.10.22,00:00,1.2715,1.2739,1.2636,1.2647,12693
2014.10.23,00:00,1.265,1.2676,1.2613,1.2645,11859
2014.10.24,00:00,1.2646,1.2695,1.2634,1.267,8785
2014.10.27,00:00,1.2673,1.2722,1.2665,1.2698,8571
2014.10.28,00:00,1.2697,1.2764,1.2684,1.2733,10180
2014.10.29,00:00,1.2732,1.277,1.2626,1.2636,10070
2014.10.30,00:00,1.2635,1.2639,1.2547,1.2613,12695
2014.10.31,00:00,1.2612,1.2616,1.2485,1.2523,16741
2014.11.03,00:00,1.2509,1.2513,1.2438,1.2481,13155
2014.11.04,00:00,1.2482,1.2576,1.248,1.2545,11270
2014.11.05,00:00,1.2544,1.2566,1.2456,1.2484,13897
2014.11.06,00:00,1.2483,1.2533,1.2364,1.2374,19254
2014.11.07,00:00,1.2375,1.2469,1.2357,1.2454,17854
2014.11.10,00:00,1.2471,1.2508,1.2418,1.242,11559
2014.11.11,00:00,1.2419,1.2498,1.2393,1.2474,13258
2014.11.12,00:00,1.2473,1.2497,1.2418,1.2437,14323
2014.11.13,00:00,1.2436,1.2491,1.2426,1.2476,9983
2014.11.14,00:00,1.2475,1.2545,1.2398,1.2525,13157
2014.11.17,00:00,1.253,1.2577,1.2444,1.2449,10444
2014.11.18,00:00,1.2448,1.2544,1.2443,1.2536,9813
2014.11.19,00:00,1.2533,1.26,1.2511,1.2553,12174
2014.11.20,00:00,1.2552,1.2574,1.2504,1.2538,16033
2014.11.21,00:00,1.2539,1.2567,1.2374,1.2393,16578
2014.11.24,00:00,1.2365,1.2444,1.2362,1.2442,10148
2014.11.25,00:00,1.2443,1.2486,1.2401,1.2474,9907
2014.11.26,00:00,1.2473,1.2531,1.2443,1.2505,9614
2014.11.27,00:00,1.2506,1.2523,1.2464,1.2466,4671
2014.11.28,00:00,1.2465,1.2489,1.2426,1.2451,7919
2014.12.01,00:00,1.2463,1.2506,1.2418,1.2469,11548
2014.12.02,00:00,1.2468,1.2475,1.2376,1.2382,8827
2014.12.03,00:00,1.2381,1.239,1.23,1.231,11414
2014.12.04,00:00,1.2309,1.2456,1.2279,1.2378,17735
2014.12.05,00:00,1.2376,1.2392,1.227,1.2281,13787
2014.12.08,00:00,1.2284,1.2343,1.2246,1.2316,11074
2014.12.09,00:00,1.2315,1.2447,1.2291,1.2373,16183
2014.12.10,00:00,1.2372,1.2447,1.2361,1.2447,11984
2014.12.11,00:00,1.2446,1.2494,1.2369,1.241,15790
2014.12.12,00:00,1.2409,1.2484,1.2383,1.2461,12995
2014.12.15,00:00,1.2472,1.2478,1.2414,1.2436,12150
2014.12.16,00:00,1.2437,1.2569,1.2433,1.251,20981
2014.12.17,00:00,1.2511,1.2515,1.2321,1.2341,21712
2014.12.18,00:00,1.2344,1.2352,1.2265,1.2285,15328
2014.12.19,00:00,1.2286,1.2301,1.2219,1.2228,12633
2014.12.22,00:00,1.2223,1.2272,1.2216,1.2229,7632
2014.12.23,00:00,1.2228,1.2245,1.2164,1.2172,6125
2014.12.24,00:00,1.2173,1.2219,1.2169,1.2187,3747
2014.12.26,00:00,1.2213,1.2216,1.2168,1.2183,2391
2014.12.29,00:00,1.2179,1.222,1.2142,1.2151,6493
2014.12.30,00:00,1.215,1.2187,1.2123,1.2161,8366
2014.12.31,00:00,1.2156,1.2169,1.215,1.2154,1128
2015.01.02,00:00,1.2051,1.2069,1.1999,1.2001,7766
2015.01.05,00:00,1.1944,1.1976,1.1859,1.1932,14023
2015.01.06,00:00,1.1933,1.1968,1.1883,1.1889,12902
2015.01.07,00:00,1.1888,1.1895,1.1801,1.1839,15840
2015.01.08,00:00,1.1838,1.1847,1.1753,1.1791,10773
2015.01.09,00:00,1.1792,1.1845,1.1762,1.184,13228
2015.01.12,00:00,1.1849,1.187,1.1785,1.1833,10700
2015.01.13,00:00,1.1832,1.1859,1.1752,1.1772,12155
2015.01.14,00:00,1.1773,1.1845,1.1726,1.1788,16008
2015.01.15,00:00,1.1789,1.1792,1.1567,1.1631,37615
2015.01.16,00:00,1.1632,1.1648,1.1459,1.1566,22739
2015.01.19,00:00,1.1552,1.1638,1.1551,1.1605,11329
2015.01.20,00:00,1.1606,1.1614,1.1539,1.1549,12965
2015.01.21,00:00,1.155,1.1679,1.154,1.1609,17500
2015.01.22,00:00,1.161,1.165,1.1315,1.1365,25248
2015.01.23,00:00,1.1363,1.1374,1.1114,1.1203,24591
2015.01.26,00:00,1.115,1.1295,1.1096,1.1238,18035
2015.01.27,00:00,1.1237,1.1422,1.1223,1.138,19445
2015.01.28,00:00,1.1377,1.1382,1.1275,1.1286,16949
2015.01.29,00:00,1.1288,1.1367,1.1261,1.1319,14453
2015.01.30,00:00,1.1316,1.1363,1.1277,1.1287,18245
2015.02.02,00:00,1.131,1.1361,1.1291,1.1341,15279
2015.02.03,00:00,1.134,1.1533,1.1312,1.148,19518
2015.02.04,00:00,1.1479,1.1484,1.1315,1.1344,17644
2015.02.05,00:00,1.1343,1.1498,1.1303,1.1476,20418
2015.02.06,00:00,1.1475,1.1485,1.1311,1.1315,16706
2015.02.09,00:00,1.1297,1.1358,1.1269,1.1323,13404
2015.02.10,00:00,1.1324,1.1344,1.1272,1.132,15232
2015.02.11,00:00,1.1319,1.1346,1.1279,1.1335,15561
2015.02.12,00:00,1.1334,1.1422,1.1301,1.1402,16454
2015.02.13,00:00,1.1403,1.1442,1.1379,1.1393,11154
2015.02.16,00:00,1.14,1.1428,1.1319,1.1353,8242
2015.02.17,00:00,1.1357,1.1448,1.1321,1.141,12294
2015.02.18,00:00,1.1411,1.1415,1.1333,1.1396,12592
2015.02.19,00:00,1.1397,1.1449,1.1354,1.1367,11587
2015.02.20,00:00,1.1368,1.1428,1.1278,1.1381,18599
2015.02.23,00:00,1.1393,1.1396,1.1294,1.1334,9727
2015.02.24,00:00,1.1333,1.1357,1.1287,1.1339,12342
2015.02.25,00:00,1.1341,1.1388,1.1335,1.136,10302
2015.02.26,00:00,1.1363,1.1379,1.1183,1.1197,13397
2015.03.24,00:00,1.0961,1.098,1.089,1.0917,9516
2015.03.25,00:00,1.0918,1.1014,1.0899,1.0971,19378
2015.03.26,00:00,1.0972,1.1051,1.0856,1.0874,20030
2015.03.27,00:00,1.0875,1.0948,1.08,1.0885,19257
2015.03.30,00:00,1.0885,1.0894,1.0809,1.0832,14749
2015.03.31,00:00,1.0831,1.0845,1.0712,1.0731,15928
2015.04.01,00:00,1.0733,1.0799,1.0718,1.0763,16981
2015.04.02,00:00,1.0762,1.0904,1.075,1.0879,15952
2015.04.03,00:00,1.088,1.1026,1.0864,1.0967,10241
2015.04.06,00:00,1.1001,1.1035,1.0909,1.0922,8645
2015.04.07,00:00,1.0921,1.0954,1.0803,1.0814,15618
2015.04.08,00:00,1.0813,1.0887,1.0762,1.0779,17509
2015.04.09,00:00,1.078,1.0788,1.0637,1.0658,14043
2015.04.10,00:00,1.0657,1.0683,1.0568,1.0605,13392
2015.04.13,00:00,1.0588,1.0618,1.0519,1.0567,15187
2015.04.14,00:00,1.0568,1.0707,1.0532,1.0655,16915
2015.04.15,00:00,1.0654,1.0701,1.057,1.0684,19264
2015.04.16,00:00,1.0682,1.0817,1.0623,1.0761,22409
2015.04.17,00:00,1.0763,1.0847,1.0733,1.0806,20629
2015.04.20,00:00,1.0819,1.0822,1.0711,1.0737,15417
2015.04.21,00:00,1.0738,1.0781,1.0659,1.0736,14805
2015.04.22,00:00,1.0737,1.0799,1.0706,1.0724,14575
2015.04.23,00:00,1.0723,1.0844,1.0665,1.0823,18930
2015.04.24,00:00,1.0822,1.0899,1.0784,1.087,18409
2015.04.27,00:00,1.0866,1.0925,1.0818,1.0891,13950
2015.04.28,00:00,1.089,1.099,1.0859,1.098,16389
2015.04.29,00:00,1.0981,1.1187,1.0959,1.1128,23025
2015.04.30,00:00,1.1125,1.1265,1.107,1.1223,26493
2015.05.01,00:00,1.1222,1.129,1.1174,1.1198,16815
2015.05.04,00:00,1.1194,1.1223,1.1122,1.1144,14126
2015.05.05,00:00,1.1145,1.1222,1.1066,1.1184,18268
2015.05.06,00:00,1.1185,1.1369,1.1174,1.1346,21850
2015.05.07,00:00,1.1347,1.1391,1.1236,1.1266,19973
2015.05.08,00:00,1.1265,1.1288,1.1178,1.1199,23821
2015.05.11,00:00,1.1202,1.1206,1.113,1.1154,16626
2015.05.12,00:00,1.1155,1.1278,1.1134,1.1212,16413
2015.05.13,00:00,1.1211,1.1382,1.1202,1.1353,16558
2015.05.14,00:00,1.1352,1.1444,1.134,1.1409,17850
2015.05.15,00:00,1.1408,1.1466,1.1323,1.1451,17267
2015.05.18,00:00,1.1448,1.1449,1.1298,1.1314,14045
2015.05.19,00:00,1.1313,1.1326,1.1118,1.1149,17998
2015.05.20,00:00,1.1151,1.1151,1.1062,1.1092,20061
2015.05.21,00:00,1.1091,1.118,1.1079,1.1111,17697
2015.05.22,00:00,1.1112,1.1208,1.1001,1.1014,17680
2015.05.25,00:00,1.1003,1.1009,1.0958,1.0976,8021
2015.05.26,00:00,1.0975,1.0981,1.0862,1.0874,18371
2015.05.27,00:00,1.0871,1.0928,1.0818,1.0903,16259
2015.05.28,00:00,1.0904,1.0958,1.0866,1.0948,19179
2015.05.29,00:00,1.0947,1.1005,1.0925,1.0982,17319
2015.06.01,00:00,1.0983,1.0989,1.0886,1.0926,16353
2015.06.02,00:00,1.0928,1.1191,1.0915,1.115,22722
2015.06.03,00:00,1.1148,1.1284,1.1079,1.1273,22693
2015.06.04,00:00,1.1272,1.1379,1.1222,1.1237,20093
2015.06.05,00:00,1.1238,1.1281,1.1049,1.1113,22268
2015.06.08,00:00,1.1099,1.1306,1.1084,1.1291,19537
2015.06.09,00:00,1.129,1.1345,1.1213,1.1281,21603
2015.06.10,00:00,1.128,1.1386,1.1259,1.1323,24542
2015.06.11,00:00,1.1322,1.1331,1.1181,1.1257,18281
2015.06.12,00:00,1.1258,1.1296,1.115,1.1264,19312
2015.06.15,00:00,1.121,1.1294,1.1188,1.1283,16238
2015.06.16,00:00,1.1282,1.1329,1.1204,1.1247,13873
2015.06.17,00:00,1.1245,1.1357,1.1204,1.1336,19100
2015.06.18,00:00,1.1339,1.1434,1.1329,1.1357,20072
2015.06.19,00:00,1.1365,1.1397,1.1291,1.1353,14846
2015.06.22,00:00,1.1377,1.1409,1.1311,1.134,14900
2015.06.23,00:00,1.1339,1.1347,1.1134,1.1167,16279
2015.06.24,00:00,1.1168,1.1234,1.1154,1.1204,17003
2015.06.25,00:00,1.1203,1.1227,1.1153,1.1204,14242
2015.06.29,00:00,1.1007,1.1278,1.0954,1.1234,30632
2015.06.30,00:00,1.1235,1.1244,1.1112,1.1147,20676
2015.07.01,00:00,1.1138,1.1171,1.1042,1.1052,15371
2015.07.02,00:00,1.1053,1.1121,1.1031,1.1083,14768
2015.07.03,00:00,1.1082,1.1117,1.1064,1.111,10624
2015.07.06,00:00,1.0993,1.1095,1.0969,1.1055,20485
2015.07.07,00:00,1.1056,1.1058,1.0915,1.1011,19670
2015.07.08,00:00,1.101,1.1092,1.0973,1.1075,19833
2015.07.09,00:00,1.1076,1.1124,1.0991,1.1036,18170
2015.07.10,00:00,1.1032,1.1215,1.1029,1.1158,20374
2015.07.13,00:00,1.1095,1.1196,1.0995,1.1002,19560
2015.07.14,00:00,1.1003,1.1086,1.0966,1.1008,15866
2015.07.15,00:00,1.1009,1.1035,1.0929,1.0947,15383
2015.07.16,00:00,1.0949,1.0962,1.0855,1.0873,15290
2015.07.17,00:00,1.0874,1.0906,1.0828,1.0828,12286
2015.07.20,00:00,1.0834,1.0869,1.0808,1.0824,11045
2015.07.21,00:00,1.0823,1.0968,1.0811,1.0933,14369
2015.07.22,00:00,1.0934,1.0966,1.0868,1.0928,13951
2015.07.23,00:00,1.0924,1.1017,1.0921,1.0985,15085
2015.07.24,00:00,1.0984,1.0995,1.0924,1.0983,12767
2015.07.27,00:00,1.0983,1.1129,1.0968,1.1088,14764
2015.07.28,00:00,1.1087,1.1099,1.1021,1.1059,12323
2015.07.29,00:00,1.1058,1.1083,1.0966,1.0983,13894
2015.07.30,00:00,1.0984,1.0989,1.0892,1.0932,15273
2015.07.31,00:00,1.0931,1.1113,1.092,1.0984,19269
2015.08.03,00:00,1.0971,1.0995,1.0941,1.095,12446
2015.08.04,00:00,1.0951,1.0987,1.0878,1.0881,13134
2015.08.05,00:00,1.0879,1.0937,1.0847,1.0905,14089
2015.08.06,00:00,1.0904,1.0941,1.0874,1.0925,12268
2015.08.07,00:00,1.0924,1.0977,1.0855,1.0962,15408
2015.08.10,00:00,1.0964,1.1041,1.0925,1.1017,12263
2015.08.11,00:00,1.1018,1.1087,1.0959,1.1041,15659
2015.08.12,00:00,1.1042,1.1213,1.1023,1.1156,18340
2015.08.13,00:00,1.1157,1.1187,1.108,1.115,13154
2015.08.14,00:00,1.1149,1.1188,1.1097,1.111,13115
2015.08.17,00:00,1.1117,1.1123,1.1058,1.1077,11943
2015.08.18,00:00,1.1078,1.1093,1.1016,1.1025,9929
2015.08.19,00:00,1.1026,1.1134,1.1017,1.1119,14527
2015.08.20,00:00,1.1118,1.1244,1.1106,1.1241,14258
2015.08.21,00:00,1.124,1.1388,1.1228,1.1388,18153
2015.08.24,00:00,1.1377,1.1714,1.1369,1.1618,38715
2015.08.25,00:00,1.162,1.1621,1.1395,1.1516,30916
2015.08.26,00:00,1.152,1.1561,1.1291,1.1313,30695
2015.08.27,00:00,1.1314,1.1364,1.1202,1.1247,19508
2015.08.28,00:00,1.1246,1.1309,1.1155,1.1184,16045
2015.08.31,00:00,1.1172,1.1262,1.117,1.121,13602
2015.09.01,00:00,1.1212,1.1331,1.1207,1.1314,20944
2015.09.02,00:00,1.1312,1.1319,1.1216,1.1226,16902
2015.09.03,00:00,1.1225,1.1242,1.1086,1.1122,16291
2015.09.04,00:00,1.1123,1.1189,1.1089,1.1143,16753
2015.09.07,00:00,1.1164,1.1177,1.1121,1.1169,10177
2015.09.08,00:00,1.1168,1.1229,1.1152,1.1202,13470
2015.09.09,00:00,1.1201,1.1215,1.1131,1.1206,13513
2015.09.10,00:00,1.1205,1.1294,1.1171,1.1279,16375
2015.09.11,00:00,1.1278,1.1349,1.1253,1.1336,13485
2015.09.14,00:00,1.133,1.1372,1.1282,1.1316,10269
2015.09.15,00:00,1.1317,1.1328,1.1257,1.1269,12829
2015.09.16,00:00,1.1268,1.132,1.1213,1.1291,10734
2015.09.17,00:00,1.129,1.144,1.1284,1.1434,15528
2015.09.21,00:00,1.1286,1.1329,1.118,1.1188,12558
2015.09.22,00:00,1.1189,1.1207,1.1113,1.112,12159
2015.09.23,00:00,1.1119,1.1212,1.1104,1.1184,13941
2015.09.24,00:00,1.1185,1.1295,1.1164,1.1229,15286
2015.09.25,00:00,1.1216,1.1225,1.1115,1.1196,17217
2015.09.28,00:00,1.1188,1.1247,1.1145,1.1243,14634
2015.09.29,00:00,1.1244,1.1281,1.1193,1.1248,16322
2015.09.30,00:00,1.1247,1.1261,1.1156,1.1175,13555
2015.10.01,00:00,1.1176,1.1208,1.1134,1.1194,13212
2015.10.02,00:00,1.1193,1.1318,1.1149,1.1209,18115
2015.10.05,00:00,1.1219,1.1288,1.1172,1.1187,15509
2015.10.06,00:00,1.1273,1.1275,1.1269,1.1272,145
2015.10.07,00:00,1.1273,1.1283,1.121,1.1236,12398
2015.10.08,00:00,1.1238,1.1326,1.1234,1.1275,12118
2015.10.09,00:00,1.1276,1.1386,1.1266,1.1357,12355
2015.10.12,00:00,1.136,1.1396,1.1353,1.1357,6844
2015.10.13,00:00,1.1358,1.141,1.1343,1.1378,10146
2015.10.14,00:00,1.1379,1.1488,1.1377,1.1472,11617
2015.10.15,00:00,1.1473,1.1494,1.1362,1.1383,13286
2015.10.16,00:00,1.1386,1.1395,1.1333,1.1348,11003
2015.10.19,00:00,1.1356,1.1378,1.1305,1.1326,9968
2015.10.20,00:00,1.1325,1.1386,1.1323,1.1345,8059
2015.10.21,00:00,1.1344,1.1377,1.1333,1.1338,8104
2015.10.22,00:00,1.1339,1.135,1.1099,1.1107,15772
2015.10.23,00:00,1.1105,1.1139,1.0996,1.1017,15778
2015.10.26,00:00,1.1005,1.1068,1.1003,1.1052,9569
2015.10.27,00:00,1.1051,1.1078,1.1029,1.1046,10248
2015.10.28,00:00,1.1045,1.1095,1.0896,1.0926,16004
2015.10.29,00:00,1.0927,1.0986,1.0902,1.0985,12404
2015.10.30,00:00,1.0984,1.1072,1.0965,1.1004,15244
2015.11.02,00:00,1.1035,1.1052,1.0999,1.1015,11011
2015.11.03,00:00,1.1014,1.1029,1.0935,1.0962,10836
2015.11.04,00:00,1.0964,1.0967,1.0843,1.0864,12564
2015.11.05,00:00,1.0865,1.0896,1.0833,1.0883,11718
2015.11.06,00:00,1.0882,1.0893,1.0706,1.0737,13407
2015.11.09,00:00,1.073,1.0789,1.0719,1.075,10475
2015.11.10,00:00,1.0751,1.0763,1.0673,1.0725,10724
2015.11.11,00:00,1.0724,1.0775,1.0705,1.0743,9529
2015.11.12,00:00,1.0742,1.083,1.069,1.0814,16803
2015.11.13,00:00,1.0813,1.0817,1.0713,1.077,14044
2015.11.16,00:00,1.074,1.0757,1.0674,1.0686,12365
2015.11.17,00:00,1.0685,1.069,1.063,1.0641,12592
2015.11.18,00:00,1.0642,1.0693,1.0617,1.066,11110
2015.11.19,00:00,1.0661,1.0761,1.0656,1.0734,11914
2015.11.20,00:00,1.0735,1.0738,1.064,1.0647,11762
2015.11.23,00:00,1.0641,1.0657,1.0592,1.0636,11511
2015.11.24,00:00,1.0637,1.0673,1.062,1.0643,12322
2015.11.25,00:00,1.0644,1.0689,1.0565,1.0624,13964
2015.11.26,00:00,1.0623,1.0626,1.0599,1.061,6150
2015.11.27,00:00,1.0609,1.0637,1.0568,1.0593,8705
2015.11.30,00:00,1.0589,1.0594,1.0557,1.0564,9687
2015.12.01,00:00,1.0566,1.0636,1.0562,1.0631,10907
2015.12.02,00:00,1.0632,1.0636,1.055,1.0614,12299
2015.12.03,00:00,1.0612,1.098,1.0523,1.0939,26203
2015.12.04,00:00,1.0941,1.0955,1.0835,1.0879,20509
2015.12.07,00:00,1.0871,1.0887,1.0795,1.0836,11654
2015.12.08,00:00,1.0834,1.0902,1.0829,1.0891,12945
2015.12.09,00:00,1.0892,1.1042,1.0878,1.1024,17835
2015.12.10,00:00,1.1023,1.1024,1.0923,1.0939,12913
2015.12.14,00:00,1.0982,1.1048,1.0945,1.0991,16256
2015.12.15,00:00,1.0992,1.1059,1.0904,1.0928,15401
2015.12.16,00:00,1.0929,1.1012,1.0887,1.091,21617
2015.12.17,00:00,1.0911,1.0913,1.0802,1.0825,14996
2015.12.18,00:00,1.0824,1.0874,1.0804,1.0867,16658
2015.12.21,00:00,1.0854,1.0938,1.0847,1.0914,12043
2015.12.22,00:00,1.0913,1.0983,1.0901,1.0955,10478
2015.12.23,00:00,1.0956,1.0956,1.0869,1.091,8900
2015.12.24,00:00,1.0911,1.0967,1.0903,1.0954,5155
2015.12.27,00:00,1.0954,1.0954,1.0954,1.0954,2
2015.12.28,00:00,1.0951,1.0992,1.0951,1.0966,7129
2015.12.29,00:00,1.0967,1.0991,1.0898,1.0919,8866
2015.12.30,00:00,1.0922,1.0943,1.0901,1.0931,8197
2015.12.31,00:00,1.0932,1.0936,1.0918,1.0925,987
2016.01.04,00:00,1.0871,1.0945,1.078,1.083,16037
2016.01.05,00:00,1.0829,1.0838,1.071,1.0747,11228
2016.01.06,00:00,1.0745,1.0799,1.0714,1.078,14741
2016.01.07,00:00,1.0781,1.0939,1.077,1.0932,17720
2016.01.08,00:00,1.0929,1.0933,1.0802,1.0924,19186
2016.01.11,00:00,1.0919,1.0969,1.0847,1.0858,15370
2016.01.12,00:00,1.0859,1.0899,1.0819,1.0857,13088
2016.01.13,00:00,1.0858,1.0887,1.0804,1.0876,14483
2016.01.14,00:00,1.0875,1.0942,1.0834,1.0864,17246
2016.01.15,00:00,1.0865,1.0984,1.0854,1.0912,19297
2016.01.18,00:00,1.0922,1.0927,1.0868,1.0891,11069
2016.01.19,00:00,1.089,1.0938,1.0859,1.0906,11912
2016.01.20,00:00,1.0907,1.0975,1.0876,1.0888,17631
2016.01.21,00:00,1.0887,1.0921,1.0778,1.0872,22406
2016.01.22,00:00,1.0873,1.0876,1.0788,1.0797,14719
2016.01.25,00:00,1.0792,1.0856,1.0789,1.0848,12697
2016.01.26,00:00,1.0847,1.0873,1.0818,1.087,11469
2016.01.27,00:00,1.0869,1.0916,1.085,1.0892,19098
2016.01.28,00:00,1.0893,1.0967,1.0869,1.094,14350
2016.01.29,00:00,1.0939,1.0947,1.0809,1.083,19282
2016.02.01,00:00,1.0832,1.0912,1.0814,1.0887,11177
2016.02.02,00:00,1.0886,1.0939,1.0884,1.0918,12723
2016.02.03,00:00,1.0917,1.1145,1.0903,1.1105,19040
2016.02.04,00:00,1.1104,1.1238,1.1069,1.1206,17147
2016.02.05,00:00,1.1207,1.1248,1.1108,1.1157,18417
2016.02.08,00:00,1.1142,1.1215,1.1086,1.1192,17202
2016.02.09,00:00,1.1193,1.1337,1.1161,1.1292,24126
2016.02.10,00:00,1.1291,1.1311,1.116,1.1291,24482
2016.02.11,00:00,1.129,1.1376,1.1273,1.1323,30576
2016.02.15,00:00,1.1237,1.125,1.1127,1.1153,17279
2016.02.16,00:00,1.1155,1.1192,1.1123,1.1143,15596
2016.02.17,00:00,1.1144,1.1178,1.1105,1.1127,16786
2016.02.18,00:00,1.1126,1.1149,1.1071,1.1106,17333
2016.02.19,00:00,1.1108,1.1138,1.1065,1.113,15286
2016.02.22,00:00,1.1113,1.1124,1.1003,1.1028,11775
2016.02.23,00:00,1.1027,1.1052,1.0989,1.102,13940
2016.02.24,00:00,1.1018,1.1046,1.0956,1.1013,17986
2016.02.25,00:00,1.1014,1.1049,1.0986,1.1016,16262
2016.02.26,00:00,1.1015,1.1067,1.0911,1.0929,15997
2016.02.29,00:00,1.0912,1.0962,1.0858,1.0872,15213
2016.03.01,00:00,1.0876,1.0893,1.0833,1.0866,15098
2016.03.02,00:00,1.0867,1.088,1.0824,1.0867,15055
2016.03.03,00:00,1.0868,1.0968,1.0853,1.0955,14707
2016.03.04,00:00,1.0956,1.1043,1.0902,1.1006,15395
2016.03.07,00:00,1.0991,1.1025,1.0939,1.1013,11104
2016.03.08,00:00,1.1014,1.1056,1.0993,1.101,12937
2016.03.09,00:00,1.1009,1.1034,1.0945,1.0999,12623
2016.03.10,00:00,1.0998,1.1217,1.0829,1.1178,27630
2016.03.11,00:00,1.1179,1.1209,1.1079,1.1147,17815
2016.03.14,00:00,1.1146,1.1176,1.1077,1.1101,12908
2016.03.15,00:00,1.11,1.1124,1.1071,1.1105,12098
2016.03.16,00:00,1.1106,1.1241,1.1057,1.1211,18100
2016.03.17,00:00,1.1212,1.1342,1.1204,1.1314,18573
2016.03.18,00:00,1.1315,1.1336,1.1255,1.1269,14334
2016.03.21,00:00,1.1269,1.1284,1.1234,1.1238,11117
2016.03.22,00:00,1.1241,1.1259,1.1187,1.1214,14112
2016.03.23,00:00,1.1213,1.1223,1.1159,1.1179,11161
2016.03.24,00:00,1.118,1.1187,1.1143,1.1178,10984
2016.03.25,00:00,1.1179,1.1179,1.1153,1.1166,6583
2016.03.28,00:00,1.1163,1.1219,1.1152,1.1195,6305
2016.03.29,00:00,1.1193,1.1302,1.1168,1.1289,14888
2016.03.30,00:00,1.1292,1.1365,1.1283,1.1337,14390
2016.03.31,00:00,1.1336,1.1411,1.1309,1.138,14682
2016.04.01,00:00,1.1381,1.1437,1.1334,1.1392,17106
2016.04.04,00:00,1.14,1.1412,1.1357,1.1388,11217
2016.04.05,00:00,1.1389,1.1404,1.1335,1.1379,13927
2016.04.06,00:00,1.1381,1.1431,1.1326,1.1398,13921
2016.04.07,00:00,1.1399,1.1453,1.1338,1.1379,16165
2016.04.08,00:00,1.1378,1.1419,1.1349,1.1397,12765
2016.04.11,00:00,1.1411,1.1447,1.1372,1.1407,12104
2016.04.12,00:00,1.1406,1.1465,1.1346,1.1398,13105
2016.04.13,00:00,1.1383,1.1391,1.1268,1.1274,14424
2016.04.14,00:00,1.1273,1.1295,1.1234,1.1265,11540
2016.04.18,00:00,1.1301,1.1332,1.1274,1.1313,8553
2016.04.19,00:00,1.1312,1.1384,1.1303,1.1357,9626
2016.04.20,00:00,1.1358,1.1387,1.129,1.1296,10360
2016.04.21,00:00,1.1295,1.1397,1.1269,1.1281,17182
2016.04.22,00:00,1.1287,1.1308,1.1217,1.1225,11898
2016.04.25,00:00,1.122,1.1277,1.1219,1.1265,9415
2016.04.26,00:00,1.1267,1.1339,1.1255,1.1297,10868
2016.04.27,00:00,1.1296,1.1361,1.1271,1.1322,13816
2016.04.28,00:00,1.1323,1.1367,1.1295,1.1358,15295
2016.04.29,00:00,1.1351,1.1458,1.1345,1.1451,15563
2016.05.02,00:00,1.146,1.1535,1.1447,1.1533,12240
2016.05.03,00:00,1.1532,1.1615,1.1494,1.1495,15673
2016.05.04,00:00,1.1496,1.1529,1.1465,1.1487,16879
2016.05.05,00:00,1.1486,1.1493,1.1387,1.1404,12385
2016.05.06,00:00,1.1403,1.1478,1.1386,1.1401,14087
2016.05.09,00:00,1.1397,1.1419,1.1374,1.1383,10933
2016.05.10,00:00,1.1382,1.1409,1.1358,1.1371,11788
2016.05.11,00:00,1.1372,1.1446,1.1368,1.1426,9286
2016.05.12,00:00,1.1425,1.1428,1.137,1.1375,10529
2016.05.13,00:00,1.1374,1.1379,1.1282,1.1305,13386
2016.05.16,00:00,1.1312,1.1341,1.1302,1.132,8172
2016.05.17,00:00,1.1321,1.1348,1.1301,1.1313,10547
2016.05.18,00:00,1.1312,1.1315,1.1213,1.1215,12824
2016.05.19,00:00,1.1216,1.1229,1.1179,1.1202,12182
2016.05.20,00:00,1.1201,1.1236,1.1195,1.1219,9677
2016.05.23,00:00,1.1214,1.1242,1.1187,1.1219,8503
2016.05.24,00:00,1.1218,1.1226,1.1132,1.114,12059
2016.05.25,00:00,1.1139,1.1166,1.1128,1.1154,9164
2016.05.26,00:00,1.1155,1.1216,1.1149,1.1193,10783
2016.05.30,00:00,1.1113,1.1144,1.1097,1.1138,6039
2016.05.31,00:00,1.114,1.1172,1.1121,1.1131,11366
2016.06.01,00:00,1.1132,1.1193,1.1113,1.1188,11720
2016.06.02,00:00,1.1187,1.1219,1.1144,1.115,12545
2016.06.03,00:00,1.1154,1.1373,1.1136,1.1371,14611
2016.06.06,00:00,1.1357,1.1392,1.1326,1.1354,12642
2016.06.07,00:00,1.1355,1.138,1.1338,1.1357,9915
2016.06.08,00:00,1.1358,1.141,1.1354,1.1391,9124
2016.06.09,00:00,1.1392,1.1415,1.1305,1.1317,11680
2016.06.10,00:00,1.1315,1.1321,1.1244,1.1252,12183
2016.06.13,00:00,1.1249,1.1302,1.1231,1.129,13526
2016.06.14,00:00,1.1291,1.1298,1.1188,1.1206,12003
2016.06.15,00:00,1.1205,1.1297,1.1189,1.1258,12942
2016.06.16,00:00,1.1259,1.1294,1.113,1.1224,17695
2016.06.17,00:00,1.1225,1.1295,1.1222,1.1276,12660
2016.06.20,00:00,1.1335,1.1382,1.1301,1.1315,14458
2016.06.21,00:00,1.1313,1.1349,1.124,1.1241,12815
2016.06.22,00:00,1.124,1.1337,1.1235,1.1295,12783
2016.06.23,00:00,1.1294,1.142,1.1294,1.1385,19886
2016.06.24,00:00,1.1379,1.1428,1.091,1.1107,90740
2016.06.27,00:00,1.1021,1.1083,1.097,1.1023,33466
2016.06.28,00:00,1.1025,1.1111,1.1009,1.1064,18776
2016.06.29,00:00,1.1065,1.1129,1.1048,1.1124,17856
2016.06.30,00:00,1.1123,1.1154,1.1023,1.1106,21734
2016.07.01,00:00,1.1104,1.1169,1.1071,1.114,14894
2016.07.04,00:00,1.1137,1.1159,1.1097,1.1153,8756
2016.07.05,00:00,1.1154,1.1185,1.1061,1.1075,13190
2016.07.06,00:00,1.1074,1.1111,1.1028,1.11,17270
2016.07.07,00:00,1.1099,1.1106,1.1052,1.1063,12763
2016.07.08,00:00,1.1062,1.112,1.1001,1.1054,15601
2016.07.11,00:00,1.1051,1.1074,1.1015,1.1057,13683
2016.07.12,00:00,1.1056,1.1125,1.1051,1.1059,13094
2016.07.13,00:00,1.1061,1.112,1.1043,1.1088,13373
2016.07.14,00:00,1.1087,1.1164,1.1087,1.1118,15379
2016.07.15,00:00,1.1119,1.1148,1.1024,1.1036,15112
2016.07.18,00:00,1.1049,1.1083,1.1036,1.1074,12622
2016.07.19,00:00,1.1075,1.108,1.0999,1.1021,11564
2016.07.20,00:00,1.102,1.1028,1.098,1.1013,11716
2016.07.21,00:00,1.1014,1.1059,1.0979,1.1026,15836
2016.07.22,00:00,1.1025,1.104,1.0955,1.0971,11720
2016.07.25,00:00,1.0975,1.0998,1.0951,1.0994,9013
2016.07.26,00:00,1.0993,1.1029,1.0977,1.0985,9721
2016.07.27,00:00,1.0986,1.1064,1.096,1.1057,13447
2016.07.28,00:00,1.1059,1.1119,1.1051,1.1076,11662
2016.07.29,00:00,1.1077,1.1196,1.1072,1.1176,15555
2016.08.01,00:00,1.1173,1.1183,1.1154,1.1163,8910
2016.08.02,00:00,1.1164,1.1233,1.1158,1.1223,10473
2016.08.03,00:00,1.1222,1.1226,1.114,1.1148,8674
2016.08.04,00:00,1.1147,1.1155,1.1113,1.1129,9541
2016.08.05,00:00,1.1128,1.116,1.1045,1.1084,9594
2016.08.08,00:00,1.1084,1.1105,1.1072,1.1088,6839
2016.08.09,00:00,1.1086,1.1123,1.107,1.1116,7901
2016.08.10,00:00,1.1117,1.1189,1.1112,1.1177,8569
2016.08.11,00:00,1.1178,1.1191,1.1134,1.1136,8506