2016.07.19,16:30,1.1024,1.1029,1.1016,1.1023,597
2016.07.19,17:00,1.1022,1.1026,1.1012,1.1019,566
2016.07.19,17:30,1.1018,1.1022,1.1009,1.101,554
2016.07.19,18:00,1.1009,1.1016,1.0999,1.1006,652
2016.07.19,18:30,1.1005,1.1018,1.1005,1.1012,406
2016.07.19,19:00,1.1013,1.1017,1.1006,1.1014,470
2016.07.19,19:30,1.1013,1.1018,1.1011,1.1013,267
2016.07.19,20:00,1.1012,1.1017,1.1008,1.1016,93
2016.07.19,20:30,1.1017,1.1018,1.1009,1.1011,171
2016.07.19,21:00,1.1012,1.1012,1.1008,1.1011,144
2016.07.19,21:30,1.101,1.1016,1.101,1.1014,99
2016.07.19,22:00,1.1015,1.1018,1.1013,1.1018,134
2016.07.19,22:30,1.1017,1.102,1.1015,1.1018,104
2016.07.19,23:00,1.1017,1.1019,1.1015,1.1019,67
2016.07.19,23:30,1.102,1.1022,1.1018,1.1021,78
2016.07.20,00:00,1.102,1.1021,1.1017,1.1017,35
2016.07.20,00:30,1.1018,1.102,1.1015,1.1017,84
2016.07.20,01:00,1.1016,1.1021,1.1015,1.1018,203
2016.07.20,01:30,1.1017,1.1018,1.1016,1.1017,87
2016.07.20,02:00,1.1018,1.1019,1.1016,1.1016,81
2016.07.20,02:30,1.1017,1.1017,1.1011,1.1013,49
2016.07.20,03:00,1.1012,1.102,1.101,1.1017,116
2016.07.20,03:30,1.1018,1.1018,1.1013,1.1013,126
2016.07.20,04:00,1.1014,1.1015,1.1003,1.1004,169
2016.07.20,04:30,1.1003,1.1014,1.1002,1.1014,194
2016.07.20,05:00,1.1013,1.1014,1.1004,1.1004,134
2016.07.20,05:30,1.1005,1.1006,1.0996,1.1004,126
2016.07.20,06:00,1.1005,1.1014,1.1005,1.1012,74
2016.07.20,06:30,1.1011,1.1012,1.1009,1.1011,75
2016.07.20,07:00,1.101,1.1015,1.101,1.1012,39
2016.07.20,07:30,1.1013,1.1015,1.1011,1.1015,65
2016.07.20,08:00,1.1014,1.1016,1.1009,1.1011,92
2016.07.20,08:30,1.101,1.102,1.1009,1.1017,100
2016.07.20,09:00,1.1016,1.1019,1.101,1.1019,216
2016.07.20,09:30,1.1018,1.1019,1.0983,1.0988,441
2016.07.20,10:00,1.0989,1.0993,1.098,1.0989,503
2016.07.20,10:30,1.099,1.0995,1.0985,1.0994,435
2016.07.20,11:00,1.0993,1.0995,1.0985,1.0993,351
2016.07.20,11:30,1.0992,1.1013,1.0992,1.1001,567
2016.07.20,12:00,1.1,1.1008,1.0993,1.1007,400
2016.07.20,12:30,1.1006,1.1015,1.1004,1.1006,479
2016.07.20,13:00,1.1007,1.1009,1.1001,1.1008,240
2016.07.20,13:30,1.1009,1.1021,1.1006,1.101,360
2016.07.20,14:00,1.1011,1.1014,1.1005,1.1014,294
2016.07.20,14:30,1.1013,1.1014,1.1004,1.1011,323
2016.07.20,15:00,1.1012,1.1016,1.1005,1.1007,357
2016.07.20,15:30,1.1006,1.1007,1.099,1.0994,545
2016.07.20,16:00,1.0995,1.1,1.0991,1.0998,286
2016.07.20,16:30,1.0999,1.1002,1.0994,1.0996,520
2016.07.20,17:00,1.0997,1.1028,1.0995,1.1019,664
2016.07.20,17:30,1.102,1.1024,1.1006,1.1008,497
2016.07.20,18:00,1.1009,1.101,1.1,1.1006,391
2016.07.20,18:30,1.1007,1.1008,1.0998,1.1004,327
2016.07.20,19:00,1.1005,1.1007,1.0998,1.1004,204
2016.07.20,19:30,1.1003,1.1006,1.0998,1.1005,167
2016.07.20,20:00,1.1006,1.1006,1.0999,1.1,155
2016.07.20,20:30,1.0999,1.1004,1.0998,1.1004,126
2016.07.20,21:00,1.1003,1.1006,1.1,1.1003,107
2016.07.20,21:30,1.1002,1.1008,1.1001,1.1003,90
2016.07.20,22:00,1.1004,1.102,1.1003,1.1015,308
2016.07.20,22:30,1.1014,1.102,1.1014,1.1017,254
2016.07.20,23:00,1.1016,1.1016,1.101,1.1011,138
2016.07.20,23:30,1.1012,1.1017,1.1011,1.1013,122
2016.07.21,00:00,1.1014,1.1018,1.1005,1.1011,322
2016.07.21,00:30,1.1012,1.1013,1.1008,1.1009,330
2016.07.21,01:00,1.101,1.1011,1.1007,1.1009,96
2016.07.21,01:30,1.1008,1.1011,1.1008,1.101,35
2016.07.21,02:00,1.1009,1.1019,1.1009,1.1016,112
2016.07.21,02:30,1.1015,1.1021,1.1015,1.1015,83
2016.07.21,03:00,1.1014,1.1018,1.1012,1.1017,146
2016.07.21,03:30,1.1016,1.1016,1.1006,1.1009,186
2016.07.21,04:00,1.101,1.1018,1.1008,1.1016,111
2016.07.21,04:30,1.1017,1.1026,1.1016,1.1024,130
2016.07.21,05:00,1.1023,1.1023,1.1016,1.1022,138
2016.07.21,05:30,1.1021,1.1022,1.1018,1.1021,101
2016.07.21,06:00,1.1022,1.1026,1.1021,1.1025,132
2016.07.21,06:30,1.1024,1.1043,1.1023,1.1035,224
2016.07.21,07:00,1.1036,1.1036,1.1031,1.1031,108
2016.07.21,07:30,1.1032,1.1034,1.1031,1.1034,81
2016.07.21,08:00,1.1033,1.1038,1.1029,1.1031,121
2016.07.21,08:30,1.1032,1.1032,1.1026,1.1027,160
2016.07.21,09:00,1.1028,1.1036,1.1027,1.1031,307
2016.07.21,09:30,1.103,1.1046,1.1029,1.1037,444
2016.07.21,10:00,1.1038,1.1038,1.1024,1.1027,566
2016.07.21,10:30,1.1026,1.1033,1.1022,1.1032,438
2016.07.21,11:00,1.1033,1.1036,1.1023,1.1024,228
2016.07.21,11:30,1.1023,1.1041,1.1017,1.1021,815
2016.07.21,12:00,1.1009,1.102,1.1004,1.1018,397
2016.07.21,12:30,1.1017,1.103,1.1015,1.1023,403
2016.07.21,13:00,1.1022,1.1031,1.1019,1.1024,393
2016.07.21,13:30,1.1023,1.1025,1.1011,1.1014,456
2016.07.21,14:00,1.1015,1.1021,1.101,1.1011,361
2016.07.21,14:30,1.1012,1.1027,1.101,1.1011,497
2016.07.21,15:00,1.1012,1.1022,1.1008,1.1017,320
2016.07.21,15:30,1.1016,1.1059,1.1009,1.1038,2099
2016.07.21,16:00,1.1046,1.1046,1.1008,1.1012,950
2016.07.21,16:30,1.101,1.1023,1.1005,1.1009,756
2016.07.21,17:00,1.1004,1.1015,1.0994,1.0998,770
2016.07.21,17:30,1.0997,1.1001,1.0979,1.0993,594
2016.07.21,18:00,1.0992,1.1009,1.0992,1.1001,486
2016.07.21,18:30,1.1002,1.102,1.0997,1.1014,396
2016.07.21,19:00,1.1013,1.1016,1.1004,1.1011,263
2016.07.21,19:30,1.101,1.1012,1.1004,1.1007,226
2016.07.21,20:00,1.1006,1.101,1.1006,1.1009,142
2016.07.21,20:30,1.101,1.1012,1.1001,1.1008,143
2016.07.21,21:00,1.1007,1.1015,1.1005,1.1014,112
2016.07.21,21:30,1.1013,1.102,1.1012,1.1013,119
2016.07.21,22:00,1.1014,1.1023,1.1013,1.1019,136
2016.07.21,22:30,1.102,1.1023,1.1019,1.1021,174
2016.07.21,23:00,1.102,1.1023,1.1018,1.1023,88
2016.07.21,23:30,1.1022,1.1027,1.1021,1.1026,141
2016.07.22,00:00,1.1025,1.1028,1.1022,1.1024,47
2016.07.22,00:30,1.1025,1.1026,1.1019,1.1025,68
2016.07.22,01:00,1.1023,1.1025,1.1019,1.1024,176
2016.07.22,01:30,1.1025,1.1027,1.1022,1.1026,112
2016.07.22,02:00,1.1025,1.1028,1.1024,1.1024,62
2016.07.22,02:30,1.1025,1.1032,1.1025,1.1031,91
2016.07.22,03:00,1.1032,1.1032,1.1025,1.1029,172
2016.07.22,03:30,1.103,1.1032,1.1027,1.1028,123
2016.07.22,04:00,1.1027,1.103,1.1025,1.1025,147
2016.07.22,04:30,1.1024,1.103,1.1022,1.1022,91
2016.07.22,05:00,1.1023,1.1025,1.1019,1.1024,100
2016.07.22,05:30,1.1025,1.1025,1.1019,1.1022,76
2016.07.22,06:00,1.1023,1.1025,1.1018,1.1019,55
2016.07.22,06:30,1.1018,1.1024,1.1018,1.1023,64
2016.07.22,07:00,1.1024,1.1029,1.1022,1.1027,64
2016.07.22,07:30,1.1026,1.103,1.1026,1.103,59
2016.07.22,08:00,1.1029,1.1031,1.1026,1.1027,71
2016.07.22,08:30,1.1026,1.1027,1.1019,1.102,107
2016.07.22,09:00,1.1021,1.1034,1.102,1.1028,282
2016.07.22,09:30,1.1027,1.103,1.102,1.1022,290
2016.07.22,10:00,1.1021,1.1026,1.1015,1.1019,501
2016.07.22,10:30,1.102,1.103,1.1018,1.1025,489
2016.07.22,11:00,1.1024,1.104,1.1024,1.1033,589
2016.07.22,11:30,1.1034,1.1037,1.1025,1.1028,638
2016.07.22,12:00,1.1027,1.1036,1.1025,1.1031,345
2016.07.22,12:30,1.1032,1.1034,1.1022,1.1025,348
2016.07.22,13:00,1.1024,1.1027,1.1015,1.1019,371
2016.07.22,13:30,1.102,1.102,1.1011,1.1015,288
2016.07.22,14:00,1.1016,1.102,1.1012,1.1016,291
2016.07.22,14:30,1.1017,1.1029,1.1013,1.1023,427
2016.07.22,15:00,1.1022,1.1024,1.1008,1.1014,388
2016.07.22,15:30,1.1013,1.102,1.101,1.1013,355
2016.07.22,16:00,1.1012,1.1023,1.101,1.1018,347
2016.07.22,16:30,1.1019,1.102,1.1007,1.1012,418
2016.07.22,17:00,1.1013,1.1016,1.1009,1.1011,335
2016.07.22,17:30,1.101,1.1014,1.097,1.0979,584
2016.07.22,18:00,1.098,1.098,1.0966,1.0974,706
2016.07.22,18:30,1.0975,1.0977,1.0965,1.0967,309
2016.07.22,19:00,1.0966,1.0967,1.0955,1.0959,326
2016.07.22,19:30,1.096,1.0967,1.0959,1.0966,189
2016.07.22,20:00,1.0967,1.0968,1.0958,1.096,168
2016.07.22,20:30,1.0961,1.0967,1.096,1.0965,173
2016.07.22,21:00,1.0966,1.0966,1.0956,1.0957,158
2016.07.22,21:30,1.0958,1.0963,1.0955,1.0961,202
2016.07.22,22:00,1.096,1.0968,1.096,1.0965,116
2016.07.22,22:30,1.0966,1.0973,1.0966,1.0972,125
2016.07.22,23:00,1.0973,1.0977,1.0971,1.0973,145
2016.07.22,23:30,1.0974,1.0978,1.097,1.0971,132
2016.07.25,00:00,1.0975,1.0975,1.0969,1.097,38
2016.07.25,00:30,1.0971,1.0974,1.0968,1.0971,35
2016.07.25,01:00,1.0969,1.0973,1.0962,1.0969,375
2016.07.25,01:30,1.097,1.0972,1.0968,1.0971,324
2016.07.25,02:00,1.097,1.0971,1.0965,1.0969,70
2016.07.25,02:30,1.0968,1.0969,1.0965,1.0968,99
2016.07.25,03:00,1.0969,1.0972,1.0965,1.0966,158
2016.07.25,03:30,1.0965,1.0966,1.0957,1.0959,161
2016.07.25,04:00,1.096,1.096,1.0951,1.0955,215
2016.07.25,04:30,1.0956,1.096,1.0955,1.0959,142
2016.07.25,05:00,1.096,1.0965,1.0959,1.0964,95
2016.07.25,05:30,1.0965,1.097,1.0963,1.0969,109
2016.07.25,06:00,1.0968,1.0972,1.0968,1.097,63
2016.07.25,06:30,1.0969,1.0973,1.0968,1.0971,73
2016.07.25,07:00,1.0972,1.0973,1.097,1.0971,54
2016.07.25,07:30,1.0972,1.0976,1.0969,1.0974,69
2016.07.25,08:00,1.0975,1.0978,1.0973,1.0976,86
2016.07.25,08:30,1.0977,1.0977,1.0974,1.0974,68
2016.07.25,09:00,1.0973,1.0977,1.0967,1.0971,221
2016.07.25,09:30,1.097,1.0973,1.0964,1.0967,204
2016.07.25,10:00,1.0968,1.097,1.0961,1.0965,428
2016.07.25,10:30,1.0966,1.0968,1.096,1.0965,368
2016.07.25,11:00,1.0966,1.0979,1.0963,1.0978,407
2016.07.25,11:30,1.0977,1.0986,1.0976,1.0982,262
2016.07.25,12:00,1.0981,1.0989,1.0978,1.0987,297
2016.07.25,12:30,1.0986,1.0996,1.0981,1.0991,272
2016.07.25,13:00,1.099,1.0993,1.0987,1.0987,254
2016.07.25,13:30,1.0988,1.0991,1.0985,1.0988,233
2016.07.25,14:00,1.0987,1.0988,1.098,1.0984,208
2016.07.25,14:30,1.0985,1.0988,1.098,1.0983,203
2016.07.25,15:00,1.0982,1.0985,1.098,1.0983,312
2016.07.25,15:30,1.0984,1.0988,1.0971,1.0973,384
2016.07.25,16:00,1.0972,1.0976,1.0971,1.0975,228
2016.07.25,16:30,1.0974,1.0984,1.0973,1.0977,398
2016.07.25,17:00,1.0978,1.0982,1.0974,1.0978,297
2016.07.25,17:30,1.0979,1.0984,1.0969,1.097,366
2016.07.25,18:00,1.0971,1.0976,1.0967,1.0975,287
2016.07.25,18:30,1.0976,1.0981,1.0972,1.0978,205
2016.07.25,19:00,1.0977,1.0985,1.0977,1.0985,125
2016.07.25,19:30,1.0984,1.0989,1.0982,1.0986,99
2016.07.25,20:00,1.0987,1.099,1.0983,1.0983,138
2016.07.25,20:30,1.0984,1.0994,1.0983,1.0992,101
2016.07.25,21:00,1.0993,1.0998,1.099,1.0992,116
2016.07.25,21:30,1.0993,1.0993,1.0987,1.0989,73
2016.07.25,22:00,1.0988,1.0994,1.0988,1.0991,58
2016.07.25,22:30,1.099,1.0991,1.0987,1.099,63
2016.07.25,23:00,1.0989,1.0993,1.0989,1.099,114
2016.07.25,23:30,1.0991,1.0995,1.099,1.0994,58
2016.07.26,00:00,1.0993,1.0994,1.0991,1.0993,67
2016.07.26,00:30,1.0992,1.0995,1.0991,1.0993,54
2016.07.26,01:00,1.0992,1.0995,1.0989,1.0993,144
2016.07.26,01:30,1.0994,1.0994,1.0991,1.0992,127
2016.07.26,02:00,1.0993,1.0996,1.099,1.0991,53
2016.07.26,02:30,1.0992,1.0993,1.0987,1.0988,57
2016.07.26,03:00,1.0987,1.0993,1.0985,1.0987,153
2016.07.26,03:30,1.0988,1.0988,1.0982,1.0984,123
2016.07.26,04:00,1.0983,1.0992,1.0982,1.099,116
2016.07.26,04:30,1.0991,1.0992,1.0986,1.0989,101
2016.07.26,05:00,1.0988,1.0992,1.0987,1.0988,125
2016.07.26,05:30,1.0989,1.099,1.0985,1.0987,109
2016.07.26,06:00,1.0988,1.0988,1.0986,1.0987,28
2016.07.26,06:30,1.0988,1.0988,1.0986,1.0987,42
2016.07.26,07:00,1.0988,1.0994,1.0986,1.0993,117
2016.07.26,07:30,1.0994,1.1005,1.0989,1.1004,305
2016.07.26,08:00,1.1003,1.1005,1.0999,1.1002,120
2016.07.26,08:30,1.1003,1.102,1.1001,1.1012,251
2016.07.26,09:00,1.1011,1.1016,1.1006,1.1012,293
2016.07.26,09:30,1.1011,1.1015,1.1005,1.1007,299
2016.07.26,10:00,1.1006,1.1011,1.1001,1.1002,453
2016.07.26,10:30,1.1003,1.1008,1.0996,1.1007,305
2016.07.26,11:00,1.1006,1.1009,1.1001,1.1004,295
2016.07.26,11:30,1.1005,1.1011,1.1002,1.1011,305
2016.07.26,12:00,1.101,1.1029,1.101,1.1014,419
2016.07.26,12:30,1.1015,1.1018,1.1012,1.1013,179
2016.07.26,13:00,1.1012,1.1015,1.1005,1.1007,196
2016.07.26,13:30,1.1008,1.1009,1.1001,1.1001,300
2016.07.26,14:00,1.1,1.1001,1.0994,1.0999,286
2016.07.26,14:30,1.0998,1.1002,1.0995,1.0996,257
2016.07.26,15:00,1.0997,1.0999,1.0986,1.0988,324
2016.07.26,15:30,1.0989,1.0995,1.0984,1.0993,397
2016.07.26,16:00,1.0992,1.0999,1.099,1.0996,369
2016.07.26,16:30,1.0997,1.1006,1.0993,1.1003,534
2016.07.26,17:00,1.1002,1.1003,1.0987,1.0989,479
2016.07.26,17:30,1.099,1.0992,1.0977,1.098,455
2016.07.26,18:00,1.0981,1.0987,1.0977,1.0981,312
2016.07.26,18:30,1.0982,1.0984,1.0979,1.0982,205
2016.07.26,19:00,1.0981,1.0987,1.098,1.0986,160
2016.07.26,19:30,1.0985,1.0987,1.0982,1.0987,135
2016.07.26,20:00,1.0986,1.0991,1.0984,1.0991,110
2016.07.26,20:30,1.099,1.0992,1.0988,1.099,75
2016.07.26,21:00,1.0989,1.099,1.0985,1.0986,134
2016.07.26,21:30,1.0987,1.0992,1.0985,1.0985,73
2016.07.26,22:00,1.0986,1.099,1.0983,1.099,73
2016.07.26,22:30,1.0989,1.099,1.0985,1.0987,91
2016.07.26,23:00,1.0986,1.0988,1.0984,1.0984,55
2016.07.26,23:30,1.0985,1.0986,1.0982,1.0985,61
2016.07.27,00:00,1.0986,1.0989,1.0983,1.0987,58
2016.07.27,00:30,1.0988,1.0988,1.0983,1.0984,57
2016.07.27,01:00,1.0983,1.0986,1.0983,1.0985,71
2016.07.27,01:30,1.0986,1.0989,1.0985,1.0988,42
2016.07.27,02:00,1.0987,1.0989,1.0986,1.0986,38
2016.07.27,02:30,1.0987,1.0987,1.0985,1.0986,32
2016.07.27,03:00,1.0985,1.099,1.0982,1.0983,119
2016.07.27,03:30,1.0982,1.0993,1.0981,1.0989,122
2016.07.27,04:00,1.099,1.0993,1.0988,1.0991,102
2016.07.27,04:30,1.0992,1.0993,1.0985,1.0985,120
2016.07.27,05:00,1.0984,1.0994,1.0984,1.099,121
2016.07.27,05:30,1.0991,1.0992,1.0988,1.099,52
2016.07.27,06:00,1.0989,1.0996,1.0984,1.0995,269
2016.07.27,06:30,1.0994,1.1,1.0993,1.0997,264
2016.07.27,07:00,1.0998,1.0999,1.0993,1.0998,157
2016.07.27,07:30,1.0997,1.1001,1.0997,1.0999,127
2016.07.27,08:00,1.1,1.1,1.0992,1.0996,249
2016.07.27,08:30,1.0997,1.0999,1.0993,1.0995,83
2016.07.27,09:00,1.0994,1.0995,1.0987,1.0988,239
2016.07.27,09:30,1.0987,1.0992,1.0987,1.0989,199
2016.07.27,10:00,1.0988,1.0998,1.0986,1.0997,312
2016.07.27,10:30,1.0996,1.1,1.0995,1.1,200
2016.07.27,11:00,1.1001,1.1002,1.0996,1.1,272
2016.07.27,11:30,1.0999,1.1003,1.0992,1.0993,309
2016.07.27,12:00,1.0992,1.1005,1.0991,1.1002,241
2016.07.27,12:30,1.1003,1.1004,1.0996,1.0998,222
2016.07.27,13:00,1.0997,1.1004,1.0995,1.0998,256
2016.07.27,13:30,1.0999,1.0999,1.0991,1.0993,265
2016.07.27,14:00,1.0994,1.0996,1.099,1.0995,210
2016.07.27,14:30,1.0996,1.0996,1.0988,1.0991,222
2016.07.27,15:00,1.0992,1.0994,1.0987,1.0993,280
2016.07.27,15:30,1.0994,1.1003,1.0994,1.0998,423
2016.07.27,16:00,1.0999,1.1003,1.0992,1.0997,378
2016.07.27,16:30,1.0996,1.1005,1.0993,1.1002,397
2016.07.27,17:00,1.1003,1.1007,1.0998,1.1004,276
2016.07.27,17:30,1.1003,1.1006,1.0984,1.0986,334
2016.07.27,18:00,1.0987,1.0996,1.0986,1.0993,314
2016.07.27,18:30,1.0992,1.0994,1.0983,1.0987,232
2016.07.27,19:00,1.0986,1.0992,1.0986,1.0991,126
2016.07.27,19:30,1.0992,1.0994,1.0988,1.099,133
2016.07.27,20:00,1.0991,1.0995,1.0989,1.0994,120
2016.07.27,20:30,1.0995,1.0999,1.0989,1.0996,162
2016.07.27,21:00,1.0998,1.1013,1.096,1.0999,2099
2016.07.27,21:30,1.1,1.1022,1.0993,1.1017,891
2016.07.27,22:00,1.1018,1.1064,1.1017,1.1046,1317
2016.07.27,22:30,1.1047,1.1055,1.1045,1.1052,494
2016.07.27,23:00,1.1051,1.106,1.1049,1.1058,198
2016.07.27,23:30,1.1057,1.1062,1.1056,1.1057,243
2016.07.28,00:00,1.1059,1.1069,1.1054,1.1055,251
2016.07.28,00:30,1.1054,1.1054,1.1051,1.1054,91
2016.07.28,01:00,1.1052,1.1056,1.1052,1.1053,206
2016.07.28,01:30,1.1052,1.1058,1.1052,1.1057,202
2016.07.28,02:00,1.1058,1.1065,1.1057,1.1061,98
2016.07.28,02:30,1.1062,1.1073,1.1061,1.1068,209
2016.07.28,03:00,1.1069,1.1073,1.1067,1.1069,263
2016.07.28,03:30,1.1068,1.1074,1.1065,1.1067,199
2016.07.28,04:00,1.1068,1.1068,1.1063,1.1064,169
2016.07.28,04:30,1.1065,1.1065,1.1058,1.1061,229
2016.07.28,05:00,1.1062,1.1066,1.1061,1.1066,133
2016.07.28,05:30,1.1065,1.1073,1.1065,1.1072,138
2016.07.28,06:00,1.1071,1.1076,1.1071,1.1073,115
2016.07.28,06:30,1.1074,1.1074,1.1072,1.1072,73
2016.07.28,07:00,1.1073,1.1073,1.1069,1.1071,109
2016.07.28,07:30,1.1072,1.1072,1.1066,1.1069,142
2016.07.28,08:00,1.107,1.107,1.1065,1.1066,109
2016.07.28,08:30,1.1065,1.1069,1.1063,1.1068,156
2016.07.28,09:00,1.1069,1.1094,1.1068,1.1086,622
2016.07.28,09:30,1.1087,1.1091,1.1082,1.1088,262
2016.07.28,10:00,1.1089,1.1112,1.1087,1.111,621
2016.07.28,10:30,1.1109,1.1119,1.1098,1.1101,732
2016.07.28,11:00,1.1102,1.1113,1.11,1.1108,339
2016.07.28,11:30,1.1107,1.1111,1.1101,1.1104,340
2016.07.28,12:00,1.1105,1.1106,1.1096,1.1098,320
2016.07.28,12:30,1.1097,1.1098,1.109,1.1093,267
2016.07.28,13:00,1.1094,1.1095,1.1085,1.1089,296
2016.07.28,13:30,1.1088,1.109,1.108,1.1082,235
2016.07.28,14:00,1.1083,1.1087,1.108,1.108,196
2016.07.28,14:30,1.1081,1.1088,1.1078,1.1082,258
2016.07.28,15:00,1.1083,1.1093,1.1082,1.1093,303
2016.07.28,15:30,1.1094,1.1102,1.1088,1.1099,406
2016.07.28,16:00,1.1098,1.1101,1.1089,1.1096,385
2016.07.28,16:30,1.1095,1.1105,1.1095,1.1105,436
2016.07.28,17:00,1.1104,1.1107,1.1097,1.1102,369
2016.07.28,17:30,1.1101,1.1102,1.1081,1.1082,362
2016.07.28,18:00,1.1083,1.1089,1.1079,1.1087,292
2016.07.28,18:30,1.1086,1.1093,1.1086,1.1093,146
2016.07.28,19:00,1.1092,1.1092,1.1081,1.1082,139
2016.07.28,19:30,1.1081,1.1082,1.1072,1.1075,241
2016.07.28,20:00,1.1076,1.1077,1.107,1.1072,165
2016.07.28,20:30,1.1073,1.108,1.1068,1.1071,217
2016.07.28,21:00,1.1072,1.1075,1.1068,1.107,185
2016.07.28,21:30,1.1071,1.1074,1.1069,1.1072,218
2016.07.28,22:00,1.1073,1.1076,1.1071,1.1072,136
2016.07.28,22:30,1.1073,1.1077,1.107,1.1074,110
2016.07.28,23:00,1.1075,1.1081,1.1075,1.1078,80
2016.07.28,23:30,1.1077,1.1078,1.1074,1.1076,92
2016.07.29,00:00,1.1077,1.108,1.1075,1.1078,43
2016.07.29,00:30,1.1077,1.1078,1.1075,1.1076,50
2016.07.29,01:00,1.1077,1.1079,1.1074,1.1075,51
2016.07.29,01:30,1.1074,1.1081,1.1073,1.1078,348
2016.07.29,02:00,1.1077,1.1084,1.1075,1.1081,153
2016.07.29,02:30,1.108,1.1085,1.1079,1.1081,62
2016.07.29,03:00,1.1082,1.1083,1.1073,1.1074,267
2016.07.29,03:30,1.1075,1.1082,1.1074,1.108,270
2016.07.29,04:00,1.1081,1.1084,1.1079,1.1081,147
2016.07.29,04:30,1.108,1.1082,1.1077,1.1079,132
2016.07.29,05:00,1.1078,1.1083,1.1074,1.1081,266
2016.07.29,05:30,1.1082,1.1088,1.1079,1.1083,242
2016.07.29,06:00,1.1082,1.1085,1.1079,1.1082,308
2016.07.29,06:30,1.1083,1.1096,1.1072,1.109,1039
2016.07.29,07:00,1.1091,1.1092,1.1083,1.109,266
2016.07.29,07:30,1.1089,1.1094,1.108,1.1081,173
2016.07.29,08:00,1.108,1.1085,1.1077,1.1082,229
2016.07.29,08:30,1.1081,1.1081,1.1073,1.1077,183
2016.07.29,09:00,1.1078,1.1089,1.1075,1.1087,336
2016.07.29,09:30,1.1086,1.1089,1.108,1.1088,403
2016.07.29,10:00,1.1087,1.1101,1.1087,1.1091,488
2016.07.29,10:30,1.109,1.1096,1.1085,1.1087,344
2016.07.29,11:00,1.1086,1.1094,1.1083,1.1092,317
2016.07.29,11:30,1.1091,1.1098,1.1087,1.1097,319
2016.07.29,12:00,1.1098,1.1103,1.1092,1.1099,332
2016.07.29,12:30,1.11,1.1112,1.1099,1.1109,282
2016.07.29,13:00,1.111,1.1112,1.1107,1.1109,192
2016.07.29,13:30,1.1108,1.1112,1.1106,1.1111,208
2016.07.29,14:00,1.111,1.1114,1.111,1.111,249
2016.07.29,14:30,1.1111,1.1113,1.1108,1.1113,221
2016.07.29,15:00,1.1112,1.1114,1.1104,1.1109,282
2016.07.29,15:30,1.1108,1.1155,1.1107,1.1149,1007
2016.07.29,16:00,1.115,1.1167,1.115,1.1159,712
2016.07.29,16:30,1.1155,1.1164,1.1152,1.1162,485
2016.07.29,17:00,1.1161,1.1176,1.1161,1.1171,679
2016.07.29,17:30,1.1172,1.1182,1.1165,1.1178,668
2016.07.29,18:00,1.1179,1.1196,1.1169,1.1171,972
2016.07.29,18:30,1.1171,1.1176,1.1168,1.1168,292
2016.07.29,19:00,1.1167,1.1173,1.1163,1.1165,371
2016.07.29,19:30,1.1166,1.1167,1.1154,1.1156,343
2016.07.29,20:00,1.1157,1.1165,1.1156,1.116,224
2016.07.29,20:30,1.1159,1.1166,1.1157,1.1164,200
2016.07.29,21:00,1.1163,1.117,1.1163,1.1166,160
2016.07.29,21:30,1.1167,1.118,1.1166,1.1177,251
2016.07.29,22:00,1.1178,1.1188,1.1177,1.1186,273
2016.07.29,22:30,1.1185,1.1186,1.1177,1.1178,272
2016.07.29,23:00,1.1177,1.1184,1.1173,1.1178,288
2016.07.29,23:30,1.1177,1.1179,1.1174,1.1176,156
2016.08.01,00:00,1.1173,1.1174,1.1166,1.1172,110
2016.08.01,00:30,1.1173,1.1181,1.117,1.1179,86
2016.08.01,01:00,1.1181,1.1183,1.1175,1.1178,265
2016.08.01,01:30,1.1177,1.1177,1.117,1.1171,135
2016.08.01,02:00,1.1172,1.1172,1.1167,1.1168,119
2016.08.01,02:30,1.1169,1.1169,1.1165,1.1166,98
2016.08.01,03:00,1.1167,1.1176,1.1165,1.1169,151
2016.08.01,03:30,1.117,1.1176,1.1166,1.1174,209
2016.08.01,04:00,1.1175,1.1178,1.1168,1.1171,155
2016.08.01,04:30,1.1172,1.1173,1.1168,1.1171,118
2016.08.01,05:00,1.1172,1.1174,1.117,1.1174,119
2016.08.01,05:30,1.1173,1.1174,1.1169,1.117,64
2016.08.01,06:00,1.1171,1.1171,1.1166,1.1166,142
2016.08.01,06:30,1.1167,1.1178,1.1165,1.1177,95
2016.08.01,07:00,1.1178,1.1179,1.1175,1.1176,129
2016.08.01,07:30,1.1175,1.1181,1.1174,1.1178,62
2016.08.01,08:00,1.1179,1.118,1.1172,1.1172,72
2016.08.01,08:30,1.1171,1.1175,1.117,1.117,124
2016.08.01,09:00,1.1169,1.1169,1.1162,1.1166,230
2016.08.01,09:30,1.1167,1.1168,1.1161,1.1163,211
2016.08.01,10:00,1.1162,1.1167,1.116,1.1167,308
2016.08.01,10:30,1.1168,1.1171,1.1164,1.1168,173
2016.08.01,11:00,1.1167,1.1173,1.1166,1.1171,313
2016.08.01,11:30,1.1172,1.1176,1.1159,1.1159,264
2016.08.01,12:00,1.1158,1.117,1.1158,1.1166,339
2016.08.01,12:30,1.1165,1.1177,1.1165,1.1174,268
2016.08.01,13:00,1.1175,1.1175,1.1164,1.1164,222
2016.08.01,13:30,1.1165,1.1165,1.116,1.1163,197
2016.08.01,14:00,1.1164,1.1167,1.1156,1.1158,249
2016.08.01,14:30,1.1157,1.1164,1.1154,1.1155,203
2016.08.01,15:00,1.1156,1.1168,1.1155,1.1166,273
2016.08.01,15:30,1.1167,1.1169,1.1163,1.1164,186
2016.08.01,16:00,1.1163,1.1169,1.116,1.1162,252
2016.08.01,16:30,1.1161,1.1168,1.1159,1.1168,424
2016.08.01,17:00,1.1169,1.1172,1.1162,1.1169,483
2016.08.01,17:30,1.117,1.1174,1.1165,1.1169,403
2016.08.01,18:00,1.117,1.1178,1.117,1.1174,259
2016.08.01,18:30,1.1175,1.1177,1.1172,1.1174,156
2016.08.01,19:00,1.1175,1.1177,1.1169,1.1169,149
2016.08.01,19:30,1.117,1.1172,1.1166,1.117,101
2016.08.01,20:00,1.1171,1.1172,1.1166,1.1167,93
2016.08.01,20:30,1.1166,1.117,1.1165,1.1167,186
2016.08.01,21:00,1.1166,1.1171,1.1166,1.117,69
2016.08.01,21:30,1.1171,1.1171,1.1164,1.1169,107
2016.08.01,22:00,1.1168,1.1168,1.1161,1.1161,180
2016.08.01,22:30,1.1162,1.1168,1.116,1.1165,98
2016.08.01,23:00,1.1167,1.1168,1.1161,1.1161,133
2016.08.01,23:30,1.1162,1.1164,1.1158,1.1163,128
2016.08.02,00:00,1.1164,1.1165,1.1158,1.116,88
2016.08.02,00:30,1.1159,1.1163,1.1158,1.1163,95
2016.08.02,01:00,1.1164,1.1165,1.1163,1.1163,40
2016.08.02,01:30,1.1164,1.1166,1.1163,1.1166,71
2016.08.02,02:00,1.1165,1.1166,1.1162,1.1163,35
2016.08.02,02:30,1.1164,1.1167,1.1163,1.1166,49
2016.08.02,03:00,1.1165,1.1174,1.1165,1.1173,167
2016.08.02,03:30,1.1174,1.1174,1.117,1.1172,137
2016.08.02,04:00,1.1173,1.1174,1.1163,1.1164,150
2016.08.02,04:30,1.1163,1.1168,1.1163,1.1163,127
2016.08.02,05:00,1.1164,1.1168,1.1161,1.1165,118
2016.08.02,05:30,1.1166,1.1171,1.1165,1.117,73
2016.08.02,06:00,1.1169,1.1171,1.1168,1.117,58
2016.08.02,06:30,1.1171,1.1172,1.1169,1.1171,43
2016.08.02,07:00,1.117,1.1174,1.117,1.1172,51
2016.08.02,07:30,1.1171,1.118,1.117,1.1175,250
2016.08.02,08:00,1.1176,1.1178,1.1173,1.1177,132
2016.08.02,08:30,1.1176,1.1184,1.1176,1.1176,163
2016.08.02,09:00,1.1177,1.1184,1.1175,1.1175,255
2016.08.02,09:30,1.1176,1.1186,1.1175,1.1182,241
2016.08.02,10:00,1.1183,1.1208,1.118,1.12,694
2016.08.02,10:30,1.1199,1.1206,1.1197,1.1199,574
2016.08.02,11:00,1.12,1.12,1.1194,1.12,391
2016.08.02,11:30,1.1199,1.1202,1.1192,1.1201,367
2016.08.02,12:00,1.1202,1.1202,1.1197,1.1199,187
2016.08.02,12:30,1.12,1.12,1.1193,1.1195,286
2016.08.02,13:00,1.1194,1.12,1.1193,1.12,277
2016.08.02,13:30,1.1201,1.1203,1.119,1.1191,175
2016.08.02,14:00,1.119,1.1193,1.1186,1.1191,214
2016.08.02,14:30,1.119,1.1195,1.1188,1.1193,214
2016.08.02,15:00,1.1194,1.1202,1.1186,1.1198,457
2016.08.02,15:30,1.1199,1.1205,1.1191,1.12,499
2016.08.02,16:00,1.1201,1.1212,1.12,1.1211,549
2016.08.02,16:30,1.121,1.1215,1.1208,1.1214,352
2016.08.02,17:00,1.1215,1.122,1.1211,1.1213,382
2016.08.02,17:30,1.1212,1.1224,1.121,1.1219,402
2016.08.02,18:00,1.122,1.1226,1.122,1.1224,337
2016.08.02,18:30,1.1223,1.1229,1.1223,1.1224,260
2016.08.02,19:00,1.1223,1.1227,1.1218,1.1226,228
2016.08.02,19:30,1.1227,1.1228,1.1218,1.1222,218
2016.08.02,20:00,1.1223,1.1232,1.1222,1.1229,201
2016.08.02,20:30,1.1228,1.1229,1.1224,1.1228,135
2016.08.02,21:00,1.1227,1.1233,1.1227,1.1229,127
2016.08.02,21:30,1.123,1.1232,1.1223,1.1225,88
2016.08.02,22:00,1.1224,1.1225,1.122,1.1222,129
2016.08.02,22:30,1.1223,1.1224,1.1219,1.1221,147
2016.08.02,23:00,1.122,1.1225,1.1219,1.1222,101
2016.08.02,23:30,1.1221,1.1224,1.1221,1.1223,139
2016.08.03,00:00,1.1222,1.1226,1.122,1.1223,80
2016.08.03,00:30,1.1222,1.1222,1.1219,1.1221,60
2016.08.03,01:00,1.122,1.1222,1.1219,1.1219,252
2016.08.03,01:30,1.1218,1.1221,1.1218,1.1219,98
2016.08.03,02:00,1.1218,1.1221,1.1217,1.1218,87
2016.08.03,02:30,1.1219,1.1219,1.1217,1.1217,43
2016.08.03,03:00,1.1216,1.1218,1.1215,1.1216,175
2016.08.03,03:30,1.1215,1.1217,1.1213,1.1214,58
2016.08.03,04:00,1.1215,1.1215,1.1211,1.1212,110
2016.08.03,04:30,1.1211,1.1213,1.121,1.1212,84
2016.08.03,05:00,1.1211,1.1216,1.121,1.121,88
2016.08.03,05:30,1.1211,1.1214,1.1207,1.1208,64
2016.08.03,06:00,1.1207,1.1211,1.1207,1.1211,39
2016.08.03,06:30,1.1212,1.1214,1.1211,1.1212,129
2016.08.03,07:00,1.1211,1.1215,1.121,1.1213,91
2016.08.03,07:30,1.1214,1.1216,1.121,1.1213,178
2016.08.03,08:00,1.1212,1.1214,1.121,1.1211,104
2016.08.03,08:30,1.121,1.1212,1.1207,1.1208,125
2016.08.03,09:00,1.1207,1.1211,1.1202,1.1203,171
2016.08.03,09:30,1.1204,1.1205,1.12,1.1201,248
2016.08.03,10:00,1.12,1.1208,1.12,1.1208,359
2016.08.03,10:30,1.1207,1.1214,1.1207,1.1211,273
2016.08.03,11:00,1.1212,1.1212,1.1196,1.12,247
2016.08.03,11:30,1.1199,1.1201,1.1197,1.1199,217
2016.08.03,12:00,1.1198,1.12,1.1191,1.1194,195
2016.08.03,12:30,1.1193,1.1195,1.1189,1.1191,303
2016.08.03,13:00,1.119,1.1199,1.1189,1.1197,216
2016.08.03,13:30,1.1198,1.1204,1.1197,1.1198,169
2016.08.03,14:00,1.1197,1.1202,1.1196,1.1197,181
2016.08.03,14:30,1.1198,1.1202,1.1197,1.1201,192
2016.08.03,15:00,1.1202,1.1204,1.1189,1.1195,324
2016.08.03,15:30,1.1194,1.1199,1.1189,1.1192,353
2016.08.03,16:00,1.1193,1.1195,1.1175,1.1175,396
2016.08.03,16:30,1.1176,1.1183,1.1175,1.1183,394
2016.08.03,17:00,1.1182,1.1185,1.1161,1.1165,564
2016.08.03,17:30,1.1164,1.1173,1.1162,1.1171,300
2016.08.03,18:00,1.1172,1.1175,1.1171,1.1174,231
2016.08.03,18:30,1.1173,1.1179,1.1169,1.1169,139
2016.08.03,19:00,1.1168,1.1171,1.1165,1.1168,139
2016.08.03,19:30,1.1169,1.1176,1.1167,1.1173,139
2016.08.03,20:00,1.1172,1.1175,1.1164,1.1165,92
2016.08.03,20:30,1.1164,1.1165,1.1142,1.1143,360
2016.08.03,21:00,1.1144,1.1146,1.114,1.1142,149
2016.08.03,21:30,1.1143,1.1145,1.114,1.1144,132
2016.08.03,22:00,1.1145,1.1148,1.1144,1.1146,84
2016.08.03,22:30,1.1145,1.115,1.1145,1.1147,103
2016.08.03,23:00,1.1148,1.1149,1.1146,1.1146,63
2016.08.03,23:30,1.1147,1.115,1.1147,1.1148,76
2016.08.04,00:00,1.1147,1.1149,1.1147,1.1149,5
2016.08.04,00:30,1.115,1.1151,1.1147,1.1148,107
2016.08.04,01:00,1.1149,1.115,1.1146,1.1147,149
2016.08.04,01:30,1.1148,1.1149,1.1147,1.1148,95
2016.08.04,02:00,1.1149,1.1149,1.1147,1.1147,31
2016.08.04,02:30,1.1148,1.1151,1.1147,1.1149,56
2016.08.04,03:00,1.1148,1.1152,1.1147,1.1148,163
2016.08.04,03:30,1.1147,1.1148,1.1142,1.1143,107
2016.08.04,04:00,1.1144,1.1145,1.1134,1.1141,220
2016.08.04,04:30,1.114,1.1155,1.1139,1.1151,196
2016.08.04,05:00,1.115,1.1152,1.1148,1.1151,100
2016.08.04,05:30,1.115,1.1151,1.1142,1.1148,111
2016.08.04,06:00,1.1147,1.1148,1.1144,1.1145,67
2016.08.04,06:30,1.1144,1.1148,1.1143,1.1143,72
2016.08.04,07:00,1.1144,1.1144,1.1142,1.1142,39
2016.08.04,07:30,1.1143,1.1146,1.1142,1.1145,61
2016.08.04,08:00,1.1146,1.1146,1.1142,1.1145,84
2016.08.04,08:30,1.1144,1.1145,1.1138,1.1139,134
2016.08.04,09:00,1.1138,1.1144,1.1131,1.1144,261
2016.08.04,09:30,1.1143,1.1144,1.1127,1.1128,250
2016.08.04,10:00,1.1129,1.1137,1.1127,1.1137,389
2016.08.04,10:30,1.1136,1.1141,1.1132,1.1135,308
2016.08.04,11:00,1.1134,1.114,1.1132,1.1135,228
2016.08.04,11:30,1.1134,1.1138,1.1133,1.1133,222
2016.08.04,12:00,1.1134,1.1135,1.1129,1.113,145
2016.08.04,12:30,1.1129,1.113,1.1124,1.1126,172
2016.08.04,13:00,1.1125,1.1132,1.1124,1.113,200
2016.08.04,13:30,1.1131,1.1137,1.1129,1.1131,257
2016.08.04,14:00,1.1133,1.1138,1.1123,1.1132,942
2016.08.04,14:30,1.1131,1.1132,1.1113,1.1119,529
2016.08.04,15:00,1.1122,1.1137,1.1122,1.1135,472
2016.08.04,15:30,1.1136,1.1147,1.1136,1.1143,408
2016.08.04,16:00,1.1142,1.1146,1.1136,1.114,267
2016.08.04,16:30,1.1141,1.1148,1.1135,1.1143,463
2016.08.04,17:00,1.1142,1.1147,1.1137,1.1144,393
2016.08.04,17:30,1.1145,1.1146,1.1135,1.1138,359
2016.08.04,18:00,1.1137,1.1142,1.1132,1.1135,397
2016.08.04,18:30,1.1136,1.1136,1.1129,1.1132,155
2016.08.04,19:00,1.1133,1.1138,1.1131,1.1134,186
2016.08.04,19:30,1.1133,1.114,1.1132,1.1137,119
2016.08.04,20:00,1.1136,1.1136,1.1129,1.1131,86
2016.08.04,20:30,1.113,1.1132,1.1127,1.113,93
2016.08.04,21:00,1.1129,1.1133,1.1129,1.1132,74
2016.08.04,21:30,1.1133,1.1134,1.1128,1.1129,107
2016.08.04,22:00,1.1128,1.1129,1.1125,1.1128,61
2016.08.04,22:30,1.1127,1.1132,1.1127,1.113,84
2016.08.04,23:00,1.1129,1.1131,1.1126,1.1128,64
2016.08.04,23:30,1.1127,1.113,1.1127,1.1129,53
2016.08.05,00:00,1.1128,1.1132,1.1127,1.1128,52
2016.08.05,00:30,1.1127,1.1129,1.1127,1.1128,46
2016.08.05,01:00,1.1127,1.1128,1.1125,1.1126,220
2016.08.05,01:30,1.1125,1.1128,1.1125,1.1127,123
2016.08.05,02:00,1.1128,1.1131,1.1127,1.1128,29
2016.08.05,02:30,1.1129,1.1134,1.1128,1.1134,24
2016.08.05,03:00,1.1133,1.1134,1.1131,1.1131,77
2016.08.05,03:30,1.113,1.1133,1.1128,1.1131,72
2016.08.05,04:00,1.113,1.1131,1.1128,1.1131,110
2016.08.05,04:30,1.113,1.1133,1.1128,1.1131,76
2016.08.05,05:00,1.1132,1.1132,1.113,1.113,29
2016.08.05,05:30,1.1131,1.1134,1.113,1.1134,66
2016.08.05,06:00,1.1133,1.1135,1.1133,1.1134,106
2016.08.05,06:30,1.1133,1.1134,1.1132,1.1133,57
2016.08.05,07:00,1.1134,1.1135,1.1132,1.1135,88
2016.08.05,07:30,1.1134,1.1136,1.1134,1.1136,43
2016.08.05,08:00,1.1135,1.1138,1.1134,1.1137,77
2016.08.05,08:30,1.1138,1.114,1.1136,1.1137,106
2016.08.05,09:00,1.1138,1.1143,1.1137,1.1141,120
2016.08.05,09:30,1.114,1.1141,1.1137,1.114,85
2016.08.05,10:00,1.1139,1.1144,1.1132,1.1136,307
2016.08.05,10:30,1.1135,1.114,1.1133,1.1138,150
2016.08.05,11:00,1.1139,1.1144,1.1138,1.114,242
2016.08.05,11:30,1.1139,1.115,1.1137,1.1149,229
2016.08.05,12:00,1.115,1.1151,1.1144,1.1146,221
2016.08.05,12:30,1.1145,1.1146,1.1139,1.1141,203
2016.08.05,13:00,1.114,1.1149,1.1139,1.1145,100
2016.08.05,13:30,1.1144,1.1148,1.1143,1.1145,182
2016.08.05,14:00,1.1144,1.1156,1.1144,1.1154,197
2016.08.05,14:30,1.1155,1.116,1.1152,1.1153,265
2016.08.05,15:00,1.1154,1.116,1.1146,1.1149,562
2016.08.05,15:30,1.115,1.1155,1.1081,1.1084,1324
2016.08.05,16:00,1.1083,1.1085,1.1058,1.1062,698
2016.08.05,16:30,1.1062,1.1062,1.1045,1.1049,639
2016.08.05,17:00,1.105,1.1065,1.1048,1.1065,428
2016.08.05,17:30,1.1064,1.1071,1.1062,1.107,435
2016.08.05,18:00,1.1069,1.1083,1.1067,1.1082,420
2016.08.05,18:30,1.1081,1.1086,1.1072,1.1079,247
2016.08.05,19:00,1.1078,1.1084,1.1077,1.108,119
2016.08.05,19:30,1.1081,1.1089,1.1081,1.1087,165
2016.08.05,20:00,1.1088,1.1104,1.1086,1.1098,203
2016.08.05,20:30,1.1097,1.1098,1.1092,1.1093,127
2016.08.05,21:00,1.1092,1.1093,1.1091,1.1091,52
2016.08.05,21:30,1.1092,1.1092,1.109,1.109,63
2016.08.05,22:00,1.1091,1.1091,1.1086,1.109,110
2016.08.05,22:30,1.1089,1.1089,1.1085,1.1087,121
2016.08.05,23:00,1.1086,1.1087,1.1082,1.1087,80
2016.08.05,23:30,1.1086,1.1088,1.1083,1.1084,99
2016.08.08,00:00,1.1084,1.1091,1.1084,1.1091,168
2016.08.08,00:30,1.109,1.1093,1.1082,1.1086,115
2016.08.08,01:00,1.1084,1.1085,1.1079,1.1083,373
2016.08.08,01:30,1.1084,1.1092,1.1083,1.1091,72
2016.08.08,02:00,1.1092,1.1093,1.1088,1.1089,100
2016.08.08,02:30,1.109,1.109,1.1086,1.1087,50
2016.08.08,03:00,1.1086,1.1089,1.1084,1.1088,167
2016.08.08,03:30,1.1087,1.1087,1.1081,1.1084,118
2016.08.08,04:00,1.1085,1.1089,1.1083,1.1089,131
2016.08.08,04:30,1.109,1.1094,1.1089,1.1092,163
2016.08.08,05:00,1.1093,1.1096,1.1092,1.1094,62
2016.08.08,05:30,1.1093,1.1099,1.1093,1.1097,79
2016.08.08,06:00,1.1096,1.1101,1.1096,1.1101,56
2016.08.08,06:30,1.11,1.1104,1.11,1.1103,72
2016.08.08,07:00,1.1102,1.1103,1.11,1.11,63
2016.08.08,07:30,1.1101,1.1105,1.11,1.1105,57
2016.08.08,08:00,1.1104,1.1105,1.1103,1.1103,52
2016.08.08,08:30,1.1104,1.1104,1.1091,1.1095,122
2016.08.08,09:00,1.1094,1.1099,1.1092,1.1095,160
2016.08.08,09:30,1.1094,1.1095,1.1082,1.1082,243
2016.08.08,10:00,1.1083,1.1089,1.1082,1.1086,270
2016.08.08,10:30,1.1087,1.1092,1.1086,1.1088,248
2016.08.08,11:00,1.1089,1.1091,1.108,1.1088,364
2016.08.08,11:30,1.1089,1.109,1.1082,1.1086,238
2016.08.08,12:00,1.1087,1.1098,1.1086,1.1094,184
2016.08.08,12:30,1.1093,1.1095,1.1089,1.1092,158
2016.08.08,13:00,1.1093,1.1093,1.1083,1.1088,168
2016.08.08,13:30,1.1087,1.109,1.1081,1.1081,225
2016.08.08,14:00,1.1082,1.1085,1.1079,1.108,139
2016.08.08,14:30,1.1081,1.1086,1.1079,1.1085,141
2016.08.08,15:00,1.1084,1.1088,1.1083,1.1085,130
2016.08.08,15:30,1.1084,1.1088,1.1082,1.1087,206
2016.08.08,16:00,1.1086,1.1088,1.1076,1.1079,202
2016.08.08,16:30,1.108,1.1082,1.1074,1.1074,301
2016.08.08,17:00,1.1075,1.1086,1.1075,1.1078,218
2016.08.08,17:30,1.1079,1.1083,1.1074,1.1074,198
2016.08.08,18:00,1.1075,1.1079,1.1072,1.1078,242
2016.08.08,18:30,1.1077,1.1078,1.1073,1.1077,119
2016.08.08,19:00,1.1078,1.1081,1.1075,1.1075,52
2016.08.08,19:30,1.1076,1.108,1.1075,1.1077,88
2016.08.08,20:00,1.1078,1.1079,1.1076,1.1079,52
2016.08.08,20:30,1.1078,1.1081,1.1078,1.1081,82
2016.08.08,21:00,1.1082,1.1084,1.1081,1.1083,46
2016.08.08,21:30,1.1082,1.1085,1.1081,1.1081,52
2016.08.08,22:00,1.1082,1.1086,1.1082,1.1084,71
2016.08.08,22:30,1.1085,1.1085,1.1082,1.1083,75
2016.08.08,23:00,1.1082,1.1083,1.1081,1.1082,63
2016.08.08,23:30,1.1081,1.1089,1.1081,1.1088,84
2016.08.09,00:00,1.1086,1.1088,1.1084,1.1086,49
2016.08.09,00:30,1.1085,1.1088,1.1082,1.1086,50
2016.08.09,01:00,1.1085,1.1086,1.1082,1.1084,122
2016.08.09,01:30,1.1085,1.1086,1.1082,1.1085,33
2016.08.09,02:00,1.1084,1.1086,1.1084,1.1085,10
2016.08.09,02:30,1.1084,1.1087,1.1083,1.1085,40
2016.08.09,03:00,1.1086,1.1089,1.1085,1.1089,74
2016.08.09,03:30,1.1088,1.1091,1.1086,1.1086,111
2016.08.09,04:00,1.1087,1.1087,1.1083,1.1085,63
2016.08.09,04:30,1.1084,1.1084,1.1076,1.1076,141
2016.08.09,05:00,1.1077,1.1079,1.1071,1.1078,104
2016.08.09,05:30,1.1077,1.1081,1.1077,1.1081,55
2016.08.09,06:00,1.108,1.1084,1.108,1.1083,36
2016.08.09,06:30,1.1082,1.1088,1.1082,1.1085,38
2016.08.09,07:00,1.1084,1.1087,1.1083,1.1084,53
2016.08.09,07:30,1.1083,1.1087,1.1082,1.1083,77
2016.08.09,08:00,1.1082,1.1084,1.1079,1.1079,32
2016.08.09,08:30,1.108,1.108,1.1076,1.1076,57
2016.08.09,09:00,1.1077,1.108,1.1072,1.1077,167
2016.08.09,09:30,1.1076,1.1079,1.1073,1.1073,140
2016.08.09,10:00,1.1074,1.1078,1.107,1.1074,233
2016.08.09,10:30,1.1075,1.1078,1.1072,1.1076,162
2016.08.09,11:00,1.1075,1.1081,1.1075,1.108,516
2016.08.09,11:30,1.1081,1.1096,1.1079,1.1095,250
2016.08.09,12:00,1.1094,1.1097,1.109,1.109,153
2016.08.09,12:30,1.1091,1.1093,1.1086,1.1088,244
2016.08.09,13:00,1.1089,1.1091,1.1084,1.1088,262
2016.08.09,13:30,1.1089,1.109,1.1084,1.1085,175
2016.08.09,14:00,1.1084,1.1088,1.1076,1.1078,251
2016.08.09,14:30,1.1079,1.108,1.1075,1.1078,204
2016.08.09,15:00,1.1077,1.108,1.1075,1.1076,272
2016.08.09,15:30,1.1075,1.1081,1.1075,1.108,184
2016.08.09,16:00,1.1079,1.1088,1.1078,1.1087,329
2016.08.09,16:30,1.1088,1.1111,1.1086,1.1102,469
2016.08.09,17:00,1.1103,1.1123,1.11,1.1118,435
2016.08.09,17:30,1.1119,1.1119,1.1105,1.111,380
2016.08.09,18:00,1.1111,1.1113,1.1106,1.111,346
2016.08.09,18:30,1.1109,1.1112,1.1107,1.1108,460
2016.08.09,19:00,1.1109,1.1112,1.1107,1.111,180
2016.08.09,19:30,1.1111,1.1112,1.1101,1.1102,90
2016.08.09,20:00,1.1101,1.1105,1.11,1.1104,140
2016.08.09,20:30,1.1105,1.1111,1.1104,1.1108,118
2016.08.09,21:00,1.1107,1.1111,1.1106,1.1108,100
2016.08.09,21:30,1.1109,1.1111,1.1106,1.1107,105
2016.08.09,22:00,1.1106,1.1112,1.1105,1.1111,156
2016.08.09,22:30,1.1112,1.1115,1.1111,1.1111,110
2016.08.09,23:00,1.1112,1.1114,1.1111,1.1113,58
2016.08.09,23:30,1.1114,1.1118,1.1114,1.1116,67
2016.08.10,00:00,1.1117,1.1117,1.1112,1.1114,37
2016.08.10,00:30,1.1113,1.1115,1.1113,1.1115,41
2016.08.10,01:00,1.1113,1.1118,1.1113,1.1118,78
2016.08.10,01:30,1.1117,1.1118,1.1114,1.1114,86
2016.08.10,02:00,1.1115,1.1116,1.1114,1.1114,48
2016.08.10,02:30,1.1115,1.1117,1.1114,1.1117,39
2016.08.10,03:00,1.1116,1.1144,1.1116,1.1143,254
2016.08.10,03:30,1.1142,1.1143,1.1136,1.1137,176
2016.08.10,04:00,1.1138,1.1148,1.1137,1.1147,174
2016.08.10,04:30,1.1146,1.115,1.1144,1.1146,189
2016.08.10,05:00,1.1147,1.1155,1.1146,1.1147,215
2016.08.10,05:30,1.1148,1.1149,1.1143,1.1148,115
2016.08.10,06:00,1.1149,1.115,1.1147,1.1147,77
2016.08.10,06:30,1.1148,1.115,1.1143,1.1149,88
2016.08.10,07:00,1.115,1.1154,1.1149,1.115,83
2016.08.10,07:30,1.1151,1.1151,1.1147,1.1149,73
2016.08.10,08:00,1.115,1.1153,1.1149,1.1152,105
2016.08.10,08:30,1.1151,1.1154,1.1146,1.1146,70
2016.08.10,09:00,1.1147,1.1151,1.1143,1.1144,154
2016.08.10,09:30,1.1143,1.1147,1.1139,1.114,158
2016.08.10,10:00,1.1141,1.1151,1.1138,1.115,297
2016.08.10,10:30,1.1151,1.1151,1.1141,1.1142,204
2016.08.10,11:00,1.1143,1.1146,1.1141,1.1146,250
2016.08.10,11:30,1.1145,1.1148,1.1142,1.1146,176
2016.08.10,12:00,1.1145,1.1183,1.1145,1.1174,546
2016.08.10,12:30,1.1173,1.1181,1.1171,1.1172,383
2016.08.10,13:00,1.1171,1.1177,1.1169,1.1172,200
2016.08.10,13:30,1.1171,1.1174,1.1169,1.1172,180
2016.08.10,14:00,1.1173,1.1189,1.1173,1.1185,385
2016.08.10,14:30,1.1184,1.1188,1.1183,1.1184,347
2016.08.10,15:00,1.1185,1.1187,1.1179,1.118,272
2016.08.10,15:30,1.1181,1.1189,1.1179,1.1188,264
2016.08.10,16:00,1.1189,1.1189,1.1176,1.1177,297
2016.08.10,16:30,1.1176,1.1183,1.1172,1.1175,370
2016.08.10,17:00,1.1176,1.1178,1.1168,1.1168,275
2016.08.10,17:30,1.1169,1.1173,1.1158,1.1164,370
2016.08.10,18:00,1.1165,1.1168,1.116,1.1167,378
2016.08.10,18:30,1.1168,1.1174,1.1167,1.1169,214
2016.08.10,19:00,1.117,1.1175,1.1168,1.1173,214
2016.08.10,19:30,1.1172,1.1174,1.1166,1.1166,121
2016.08.10,20:00,1.1167,1.1172,1.1166,1.1172,88
2016.08.10,20:30,1.1171,1.1178,1.1168,1.1177,85
2016.08.10,21:00,1.1178,1.1183,1.1176,1.1176,79
2016.08.10,21:30,1.1177,1.1177,1.117,1.1174,90
2016.08.10,22:00,1.1173,1.1173,1.117,1.1173,41
2016.08.10,22:30,1.1174,1.118,1.1173,1.1174,71
2016.08.10,23:00,1.1173,1.1178,1.1173,1.1178,82
2016.08.10,23:30,1.1177,1.1178,1.1174,1.1177,30
2016.08.11,00:00,1.1178,1.1184,1.1176,1.1176,210
2016.08.11,00:30,1.1177,1.1184,1.1176,1.1182,258
2016.08.11,01:00,1.1183,1.1186,1.118,1.1184,376
2016.08.11,01:30,1.1183,1.1187,1.1183,1.1185,77
2016.08.11,02:00,1.1186,1.1191,1.1184,1.1185,156
2016.08.11,02:30,1.1184,1.1189,1.1184,1.1184,61
2016.08.11,03:00,1.1185,1.1189,1.1184,1.1188,98
2016.08.11,03:30,1.1189,1.1189,1.1182,1.1183,85
2016.08.11,04:00,1.1182,1.1183,1.1177,1.1177,88
2016.08.11,04:30,1.1176,1.1179,1.1172,1.1176,157
2016.08.11,05:00,1.1177,1.1181,1.1176,1.1179,61
2016.08.11,05:30,1.1178,1.118,1.1175,1.1176,87
2016.08.11,06:00,1.1175,1.1177,1.1173,1.1173,59
2016.08.11,06:30,1.1174,1.1175,1.1167,1.1167,68
2016.08.11,07:00,1.1168,1.1171,1.1168,1.1171,30
2016.08.11,07:30,1.117,1.1172,1.1166,1.1167,38
2016.08.11,08:00,1.1166,1.1168,1.1162,1.1162,43
2016.08.11,08:30,1.1163,1.1166,1.1162,1.1163,65
2016.08.11,09:00,1.1162,1.1167,1.1159,1.116,109
2016.08.11,09:30,1.1161,1.1167,1.1161,1.1165,195
2016.08.11,10:00,1.1164,1.1169,1.114,1.1143,318
2016.08.11,10:30,1.1142,1.115,1.1142,1.1148,345
2016.08.11,11:00,1.1147,1.1148,1.1135,1.1141,277
2016.08.11,11:30,1.1142,1.1144,1.1139,1.1142,243
2016.08.11,12:00,1.1141,1.115,1.1141,1.1147,215
2016.08.11,12:30,1.1148,1.115,1.1144,1.1145,190
2016.08.11,13:00,1.1144,1.1147,1.1137,1.1139,172
2016.08.11,13:30,1.114,1.1148,1.1139,1.1147,242
2016.08.11,14:00,1.1148,1.1154,1.1147,1.1148,213
2016.08.11,14:30,1.1149,1.115,1.1141,1.1146,162
2016.08.11,15:00,1.1145,1.1158,1.1145,1.1157,267
2016.08.11,15:30,1.1158,1.116,1.1153,1.1156,295
2016.08.11,16:00,1.1157,1.1158,1.115,1.1156,196
2016.08.11,16:30,1.1155,1.1167,1.1153,1.1166,326
2016.08.11,17:00,1.1165,1.1173,1.1164,1.1169,341
2016.08.11,17:30,1.117,1.1178,1.1166,1.1177,374
2016.08.11,18:00,1.1178,1.1181,1.117,1.1171,334
2016.08.11,18:30,1.1172,1.1173,1.1166,1.1167,282
2016.08.11,19:00,1.1168,1.1168,1.1156,1.1158,225
2016.08.11,19:30,1.1157,1.1158,1.1152,1.1156,272
2016.08.11,20:00,1.1157,1.1157,1.1142,1.1145,203
2016.08.11,20:30,1.1146,1.1146,1.1139,1.1139,132
2016.08.11,21:00,1.1138,1.1143,1.1136,1.1139,128
2016.08.11,21:30,1.114,1.1143,1.1137,1.1142,97
2016.08.11,22:00,1.1141,1.1145,1.1141,1.1143,121
2016.08.11,22:30,1.1144,1.1146,1.1139,1.114,95
2016.08.11,23:00,1.1139,1.114,1.1138,1.1138,44
2016.08.11,23:30,1.1139,1.114,1.1134,1.1136,76
2016.08.12,00:00,1.1135,1.1138,1.1135,1.1138,34
2016.08.12,00:30,1.1137,1.1141,1.1135,1.1141,27
2016.08.12,01:00,1.1137,1.1139,1.1136,1.1137,149
2016.08.12,01:30,1.1136,1.114,1.1136,1.1138,21
2016.08.12,02:00,1.1139,1.1139,1.1136,1.1137,73
2016.08.12,02:30,1.1136,1.1138,1.1135,1.1137,34
2016.08.12,03:00,1.1138,1.1142,1.1137,1.1139,116
2016.08.12,03:30,1.1138,1.1138,1.113,1.1134,107
2016.08.12,04:00,1.1135,1.1136,1.1133,1.1136,44
2016.08.12,04:30,1.1135,1.1139,1.1135,1.1137,79
2016.08.12,05:00,1.1138,1.1139,1.1134,1.1139,92
2016.08.12,05:30,1.114,1.114,1.1136,1.1138,37
2016.08.12,06:00,1.1139,1.1143,1.1138,1.1143,37
2016.08.12,06:30,1.1142,1.1142,1.1139,1.114,45
2016.08.12,07:00,1.1139,1.114,1.1134,1.1137,49
2016.08.12,07:30,1.1138,1.1139,1.1136,1.1139,80
2016.08.12,08:00,1.1138,1.1139,1.1137,1.1139,46
2016.08.12,08:30,1.1138,1.1142,1.1138,1.1141,84
2016.08.12,09:00,1.1142,1.1144,1.1135,1.1135,124
2016.08.12,09:30,1.1134,1.1143,1.1134,1.1142,147
2016.08.12,10:00,1.1141,1.1155,1.1138,1.1155,277
2016.08.12,10:30,1.1154,1.1155,1.1143,1.1144,287
2016.08.12,11:00,1.1143,1.1156,1.1143,1.1156,244
2016.08.12,11:30,1.1155,1.1158,1.115,1.1154,206
2016.08.12,12:00,1.1153,1.1156,1.1149,1.1149,221
2016.08.12,12:30,1.1148,1.1153,1.1144,1.1149,206
2016.08.12,13:00,1.1148,1.1153,1.1146,1.1152,149
2016.08.12,13:30,1.1153,1.1156,1.1152,1.1153,157
2016.08.12,14:00,1.1152,1.1154,1.1148,1.1149,120
2016.08.12,14:30,1.1148,1.115,1.1147,1.1149,154
2016.08.12,15:00,1.115,1.1167,1.1149,1.1164,281
2016.08.12,15:30,1.1165,1.122,1.1164,1.1208,1018
2016.08.12,16:00,1.1194,1.1204,1.119,1.1197,446
2016.08.12,16:30,1.1198,1.1199,1.1184,1.1195,542
2016.08.12,17:00,1.1196,1.1203,1.117,1.1173,648
2016.08.12,17:30,1.1172,1.1179,1.1168,1.1178,425
2016.08.12,18:00,1.1177,1.1183,1.1174,1.1176,326
2016.08.12,18:30,1.1175,1.1176,1.1169,1.117,214
2016.08.12,19:00,1.1171,1.1171,1.1166,1.1167,229
2016.08.12,19:30,1.1168,1.1171,1.1166,1.1167,132
2016.08.12,20:00,1.1168,1.1171,1.1166,1.1171,108
2016.08.12,20:30,1.1172,1.1172,1.1164,1.1164,81
2016.08.12,21:00,1.1165,1.1171,1.1164,1.117,68
2016.08.12,21:30,1.1169,1.1169,1.1158,1.1162,96
2016.08.12,22:00,1.1161,1.1164,1.1161,1.1162,106
2016.08.12,22:30,1.1161,1.1164,1.1159,1.1161,77
2016.08.12,23:00,1.116,1.1161,1.1159,1.116,67